28 1 0 10.698166608810425 34.88092923164368 45.75285267829895 1.1920928955078125e-06 0.0005898475646972656
28 1 1 25.97416925430298 69.36545443534851 95.77468371391296 1.6689300537109375e-06 0.0008869171142578125
28 1 2 18.616423845291138 52.04002809524536 70.96114540100098 1.9073486328125e-06 0.0005331039428710938
28 1 3 17.85240626335144 50.369730710983276 68.51384973526001 1.6689300537109375e-06 0.0005471706390380859
28 1 4 8.651291370391846 30.328198671340942 39.12212109565735 1.1920928955078125e-06 0.0005433559417724609
28 1 5 15.26503872871399 44.34760570526123 59.87164306640625 9.5367431640625e-07 0.0005574226379394531
28 1 6 19.517454862594604 53.14558744430542 72.98527908325195 1.6689300537109375e-06 0.0005919933319091797
28 1 7 14.35060977935791 44.940064907073975 59.52185654640198 9.5367431640625e-07 0.0005462169647216797
28 1 8 8.62220311164856 31.12117600440979 39.88791084289551 7.152557373046875e-07 0.00048542022705078125
28 1 9 12.767330408096313 40.505292892456055 53.48718619346619 1.430511474609375e-06 0.0005576610565185547
28 1 10 18.611181020736694 52.871007204055786 71.79839944839478 1.9073486328125e-06 0.0005304813385009766
28 1 11 8.839123010635376 31.818354845046997 40.80238151550293 9.5367431640625e-07 0.0005168914794921875
28 1 12 9.856441736221313 33.547725200653076 43.562682151794434 1.430511474609375e-06 0.0005245208740234375
28 1 13 9.74877405166626 32.853179693222046 42.753145694732666 9.5367431640625e-07 0.0005290508270263672
28 1 14 18.947221279144287 57.93849563598633 77.1825659275055 9.5367431640625e-07 0.0005631446838378906
28 1 15 19.99958300590515 60.51095366477966 80.83123660087585 9.5367431640625e-07 0.0005724430084228516
28 1 16 15.407296657562256 50.62260556221008 66.27892518043518 9.5367431640625e-07 0.0006234645843505859
28 1 17 15.573074579238892 50.72090411186218 66.53886103630066 9.5367431640625e-07 0.0005958080291748047
28 1 18 15.04819369316101 49.92517971992493 65.21661734580994 1.1920928955078125e-06 0.0006153583526611328
28 1 19 15.182706594467163 50.95911765098572 66.38844776153564 1.430511474609375e-06 0.0006155967712402344
28 1 20 15.696739435195923 52.20831084251404 68.16655468940735 9.5367431640625e-07 0.0005166530609130859
28 1 21 16.855061054229736 57.459489822387695 74.5885157585144 1.1920928955078125e-06 0.00048732757568359375
28 1 22 16.875076055526733 53.961416721343994 71.1059021949768 1.430511474609375e-06 0.0006034374237060547
28 1 23 16.062209367752075 54.045066356658936 70.37244772911072 1.430511474609375e-06 0.000591278076171875
28 1 24 15.948050737380981 54.41231417655945 70.62655091285706 1.1920928955078125e-06 0.0005819797515869141
28 1 25 16.290271997451782 53.506144762039185 70.06982517242432 1.1920928955078125e-06 0.0005984306335449219
28 1 26 16.190764665603638 54.72092533111572 71.19137263298035 1.430511474609375e-06 0.000591278076171875
28 1 27 16.732290983200073 55.854389667510986 72.85527062416077 9.5367431640625e-07 0.0006058216094970703
28 2 0 11.911093711853027 37.608102321624756 49.71591138839722 1.430511474609375e-06 0.0005681514739990234
28 2 1 25.271331071853638 67.79849648475647 93.5138087272644 1.9073486328125e-06 0.0006048679351806641
28 2 2 18.264904737472534 50.69360423088074 69.28374457359314 1.9073486328125e-06 0.0017840862274169922
28 2 3 18.765219926834106 51.18449521064758 70.27179193496704 1.9073486328125e-06 0.00041294097900390625
28 2 4 8.914067029953003 30.757023811340332 39.81475043296814 9.5367431640625e-07 0.0004200935363769531
28 2 5 11.70377779006958 36.70650315284729 48.596901178359985 1.9073486328125e-06 0.0006816387176513672
28 2 6 18.465980768203735 51.885589599609375 70.67061138153076 1.1920928955078125e-06 0.0006074905395507812
28 2 7 9.174964904785156 32.73078894615173 42.05263829231262 1.1920928955078125e-06 0.0004820823669433594
28 2 8 9.214774131774902 31.74422335624695 41.10709476470947 9.5367431640625e-07 0.0004813671112060547
28 2 9 12.730959415435791 40.00870728492737 52.95689296722412 1.430511474609375e-06 0.0005257129669189453
28 2 10 18.17939519882202 51.744544506073 70.24147844314575 1.9073486328125e-06 0.0005834102630615234
28 2 11 8.970196962356567 31.123517751693726 40.237841844558716 7.152557373046875e-07 0.00047707557678222656
28 2 12 9.479607820510864 32.93815541267395 42.56888556480408 9.5367431640625e-07 0.0004913806915283203
28 2 13 9.381681442260742 32.74526000022888 42.276228189468384 9.5367431640625e-07 0.0004870891571044922
28 2 14 19.563844919204712 56.19751048088074 76.08042573928833 9.5367431640625e-07 0.0005943775177001953
28 2 15 20.1768696308136 59.53174805641174 80.01905083656311 9.5367431640625e-07 0.0005898475646972656
28 2 16 15.376610040664673 48.603957414627075 64.21990990638733 1.1920928955078125e-06 0.0005962848663330078
28 2 17 15.330360889434814 48.636943101882935 64.19864678382874 9.5367431640625e-07 0.0005731582641601562
28 2 18 14.998648643493652 48.64543700218201 63.883111238479614 9.5367431640625e-07 0.0005483627319335938
28 2 19 15.408901691436768 49.33653664588928 64.99693155288696 1.1920928955078125e-06 0.0006034374237060547
28 2 20 15.737118005752563 50.37770962715149 66.38070678710938 1.1920928955078125e-06 0.0004923343658447266
28 2 21 16.471771001815796 55.33586049079895 72.07800316810608 1.1920928955078125e-06 0.0003802776336669922
28 2 22 16.486680507659912 53.180596113204956 69.9198567867279 9.5367431640625e-07 0.0006098747253417969
28 2 23 17.121955394744873 53.464914321899414 70.84566974639893 1.430511474609375e-06 0.0005850791931152344
28 2 24 15.776643514633179 52.85842156410217 68.89699840545654 1.1920928955078125e-06 0.0006086826324462891
28 2 25 16.653735876083374 52.49573254585266 69.42168855667114 9.5367431640625e-07 0.0005879402160644531
28 2 26 16.8643856048584 53.04213881492615 70.16844892501831 1.430511474609375e-06 0.0006058216094970703
28 2 27 17.24641466140747 54.87709283828735 72.40471458435059 9.5367431640625e-07 0.0005972385406494141
28 3 0 11.500853776931763 36.95180702209473 48.639914751052856 9.5367431640625e-07 0.0004177093505859375
28 3 1 25.70946168899536 70.15043687820435 96.27998399734497 2.1457672119140625e-06 0.000736236572265625
28 3 2 18.912405729293823 51.43854761123657 70.65684604644775 2.1457672119140625e-06 0.0004279613494873047
28 3 3 18.625325202941895 52.253947257995605 71.19006824493408 1.9073486328125e-06 0.0005953311920166016
28 3 4 9.288721799850464 31.462470054626465 40.90100455284119 9.5367431640625e-07 0.0004336833953857422
28 3 5 11.159810543060303 35.079500675201416 46.414968967437744 9.5367431640625e-07 0.00043320655822753906
28 3 6 18.816035270690918 52.484034061431885 71.6242151260376 1.9073486328125e-06 0.0009379386901855469
28 3 7 13.509698867797852 43.143736362457275 56.8793568611145 1.1920928955078125e-06 0.0009558200836181641
28 3 8 8.968948602676392 31.339671850204468 40.459078788757324 7.152557373046875e-07 0.0004322528839111328
28 3 9 8.769601583480835 31.861515522003174 40.78363490104675 9.5367431640625e-07 0.000431060791015625
28 3 10 8.760443925857544 31.474132776260376 40.37843298912048 9.5367431640625e-07 0.0004279613494873047
28 3 11 18.708011150360107 52.42737030982971 71.4451072216034 1.6689300537109375e-06 0.0005764961242675781
28 3 12 9.32763957977295 32.99077343940735 42.46348571777344 9.5367431640625e-07 0.0004451274871826172
28 3 13 19.169766426086426 53.39362621307373 72.9071204662323 1.9073486328125e-06 0.000621795654296875
28 3 14 19.11371612548828 57.482954263687134 76.88640117645264 9.5367431640625e-07 0.0004940032958984375
28 3 15 20.18853187561035 60.95005416870117 81.45434808731079 1.1920928955078125e-06 0.0005877017974853516
28 3 16 15.305053234100342 50.444209575653076 66.00225186347961 9.5367431640625e-07 0.0004367828369140625
28 3 17 15.264355421066284 49.9570689201355 65.4788658618927 9.5367431640625e-07 0.0004699230194091797
28 3 18 15.539097309112549 50.11195135116577 65.90212821960449 1.430511474609375e-06 0.0004737377166748047
28 3 19 15.529208660125732 50.37696361541748 66.15528583526611 1.1920928955078125e-06 0.0003848075866699219
28 3 20 16.376497745513916 51.87704086303711 68.51111245155334 1.1920928955078125e-06 0.00046253204345703125
28 3 21 17.94515633583069 58.075608015060425 76.29739141464233 1.1920928955078125e-06 0.0003750324249267578
28 3 22 16.43364715576172 54.701520681381226 71.40121221542358 9.5367431640625e-07 0.0004634857177734375
28 3 23 16.055421590805054 54.33124279975891 70.64529871940613 1.1920928955078125e-06 0.000453948974609375
28 3 24 16.264126539230347 53.71460723876953 70.2434434890747 9.5367431640625e-07 0.00046825408935546875
28 3 25 16.139575242996216 53.44797348976135 69.8471736907959 1.430511474609375e-06 0.0004630088806152344
28 3 26 16.96099829673767 54.95672106742859 72.18983626365662 9.5367431640625e-07 0.0004515647888183594
28 3 27 17.199355840682983 56.32931041717529 73.80544471740723 1.1920928955078125e-06 0.0004711151123046875
28 4 0 12.775726318359375 38.87073254585266 51.84745144844055 1.1920928955078125e-06 0.0004146099090576172
28 4 1 25.933350086212158 69.45909476280212 95.8203637599945 1.9073486328125e-06 0.0008172988891601562
28 4 2 18.512680053710938 51.6652774810791 70.48147821426392 1.6689300537109375e-06 0.000576019287109375
28 4 3 18.15094804763794 50.63790488243103 69.09846758842468 1.6689300537109375e-06 0.00067901611328125
28 4 4 8.850579977035522 31.160516262054443 40.14457178115845 7.152557373046875e-07 0.00043082237243652344
28 4 5 11.431064367294312 36.48655724525452 48.10031604766846 9.5367431640625e-07 0.00044655799865722656
28 4 6 19.37575054168701 53.17352628707886 72.87959814071655 1.6689300537109375e-06 0.0006213188171386719
28 4 7 9.055867195129395 32.28295660018921 41.488213300704956 1.1920928955078125e-06 0.0004391670227050781
28 4 8 8.883270263671875 31.711833477020264 40.743786096572876 1.1920928955078125e-06 0.0004303455352783203
28 4 9 9.118974924087524 32.069913387298584 41.336127281188965 7.152557373046875e-07 0.0004353523254394531
28 4 10 18.606814861297607 52.590070486068726 71.51041436195374 1.9073486328125e-06 0.0006079673767089844
28 4 11 8.71110463142395 31.3265540599823 40.186115026474 1.1920928955078125e-06 0.0004315376281738281
28 4 12 20.192291975021362 52.85187649726868 73.37630152702332 1.9073486328125e-06 0.0005936622619628906
28 4 13 8.981111764907837 32.44472002983093 41.57347369194031 9.5367431640625e-07 0.0006356239318847656
28 4 14 19.0024471282959 56.50420832633972 75.79920244216919 1.1920928955078125e-06 0.0005819797515869141
28 4 15 20.465250968933105 59.844244956970215 80.62528204917908 1.1920928955078125e-06 0.0006015300750732422
28 4 16 15.20093035697937 48.945422649383545 64.38736295700073 9.5367431640625e-07 0.0005655288696289062
28 4 17 14.931832551956177 48.48680067062378 63.663100481033325 9.5367431640625e-07 0.0006072521209716797
28 4 18 14.939340591430664 48.48310899734497 63.67228078842163 1.1920928955078125e-06 0.0005121231079101562
28 4 19 14.89289665222168 48.97377824783325 64.1088593006134 9.5367431640625e-07 0.0006313323974609375
28 4 20 15.615220069885254 50.07015085220337 65.94576573371887 9.5367431640625e-07 0.0006153583526611328
28 4 21 17.643109560012817 56.44956946372986 74.37018585205078 1.1920928955078125e-06 0.0005424022674560547
28 4 22 16.65946316719055 54.977147579193115 71.91054964065552 1.1920928955078125e-06 0.0005729198455810547
28 4 23 16.640662670135498 53.425732374191284 70.32552766799927 1.430511474609375e-06 0.0005877017974853516
28 4 24 16.45170760154724 52.95335817337036 69.65796422958374 9.5367431640625e-07 0.0006201267242431641
28 4 25 16.41357445716858 52.66463851928711 69.34110713005066 1.1920928955078125e-06 0.0006146430969238281
28 4 26 16.432958126068115 53.68911051750183 70.40133261680603 1.430511474609375e-06 0.0006139278411865234
28 4 27 17.357956171035767 55.5480010509491 73.18032312393188 1.1920928955078125e-06 0.0006282329559326172
28 5 0 11.047235012054443 35.43665647506714 46.668004751205444 9.5367431640625e-07 0.0004107952117919922
28 5 1 25.884655475616455 68.79345679283142 95.10627365112305 1.9073486328125e-06 0.0005822181701660156
28 5 2 18.914305686950684 52.34380125999451 71.57643055915833 1.6689300537109375e-06 0.0009462833404541016
28 5 3 19.3214852809906 51.99941158294678 71.64663696289062 1.9073486328125e-06 0.0005977153778076172
28 5 4 8.779641389846802 30.67093515396118 39.5931510925293 7.152557373046875e-07 0.0004134178161621094
28 5 5 12.08068037033081 37.69340515136719 49.97965145111084 1.1920928955078125e-06 0.0004410743713378906
28 5 6 19.293644666671753 52.830458879470825 72.4422607421875 1.9073486328125e-06 0.0006151199340820312
28 5 7 14.125594854354858 44.195451498031616 58.54944157600403 1.6689300537109375e-06 0.0005099773406982422
28 5 8 8.965333223342896 31.33265519142151 40.44518971443176 9.5367431640625e-07 0.0009551048278808594
28 5 9 8.955525875091553 32.05349016189575 41.165889739990234 7.152557373046875e-07 0.000431060791015625
28 5 10 18.02684473991394 52.72599267959595 71.05462002754211 1.9073486328125e-06 0.0006155967712402344
28 5 11 18.916910409927368 52.67607235908508 71.90229296684265 1.9073486328125e-06 0.0005869865417480469
28 5 12 18.16031765937805 52.144773721694946 70.62350630760193 2.1457672119140625e-06 0.0006122589111328125
28 5 13 9.146761178970337 32.5329430103302 41.831164598464966 9.5367431640625e-07 0.0004405975341796875
28 5 14 18.970370292663574 56.83440637588501 76.10999321937561 1.1920928955078125e-06 0.0006134510040283203
28 5 15 21.102983236312866 59.849971294403076 81.27425003051758 9.5367431640625e-07 0.0005736351013183594
28 5 16 15.619248867034912 49.669976472854614 65.54022145271301 9.5367431640625e-07 0.0005946159362792969
28 5 17 14.957422018051147 49.076958656311035 64.27096176147461 7.152557373046875e-07 0.0005693435668945312
28 5 18 14.759948253631592 48.95660066604614 63.953614950180054 1.1920928955078125e-06 0.0006113052368164062
28 5 19 14.8175950050354 47.89701771736145 62.95729899406433 1.1920928955078125e-06 0.0005631446838378906
28 5 20 15.167639255523682 50.02050471305847 65.43995785713196 1.430511474609375e-06 0.0004813671112060547
28 5 21 17.770285606384277 58.08285093307495 76.12581324577332 9.5367431640625e-07 0.0005602836608886719
28 5 22 16.193183183670044 53.37068462371826 69.82208108901978 9.5367431640625e-07 0.000640869140625
28 5 23 16.247557401657104 52.85714387893677 69.35274195671082 1.1920928955078125e-06 0.0006427764892578125
28 5 24 15.797354698181152 53.14684772491455 69.1991024017334 9.5367431640625e-07 0.0006134510040283203
28 5 25 16.206944704055786 52.635616302490234 69.09581661224365 9.5367431640625e-07 0.0006392002105712891
28 5 26 16.446181058883667 54.21495795249939 70.91228461265564 9.5367431640625e-07 0.0006282329559326172
28 5 27 16.771610736846924 55.17449498176575 72.20795345306396 1.1920928955078125e-06 0.0006191730499267578
56 1 0 5.194178104400635 17.267724990844727 22.542568922042847 7.152557373046875e-07 0.00023555755615234375
56 1 1 12.826526165008545 34.272160053253174 47.30888533592224 1.9073486328125e-06 0.00054931640625
56 1 2 9.593971490859985 26.278005838394165 36.026872634887695 1.9073486328125e-06 0.00023794174194335938
56 1 3 8.17417860031128 24.124860763549805 32.43841004371643 9.5367431640625e-07 0.00024127960205078125
56 1 4 4.493326425552368 15.755351781845093 20.325814962387085 9.5367431640625e-07 0.00024271011352539062
56 1 5 5.717770099639893 18.681196212768555 24.49168872833252 1.6689300537109375e-06 0.00044155120849609375
56 1 6 9.419170141220093 26.323384046554565 35.906975746154785 1.9073486328125e-06 0.00034236907958984375
56 1 7 4.6303040981292725 16.584068775177002 21.290990352630615 9.5367431640625e-07 0.00023794174194335938
56 1 8 4.41870379447937 16.226888179779053 20.721153497695923 9.5367431640625e-07 0.0004885196685791016
56 1 9 4.677337884902954 16.293174982070923 21.04492211341858 9.5367431640625e-07 0.00023055076599121094
56 1 10 9.14890193939209 26.34423565864563 35.64970850944519 1.9073486328125e-06 0.00034356117248535156
56 1 11 9.217113018035889 26.477638959884644 35.84876227378845 1.6689300537109375e-06 0.000293731689453125
56 1 12 4.599748849868774 16.62570881843567 21.297520637512207 9.5367431640625e-07 0.00035190582275390625
56 1 13 4.878817558288574 16.83099889755249 21.786863088607788 9.5367431640625e-07 0.00024771690368652344
56 1 14 9.75274109840393 30.656514644622803 40.56169557571411 1.1920928955078125e-06 0.0003094673156738281
56 1 15 9.904922008514404 31.65530824661255 41.71155548095703 1.1920928955078125e-06 0.0002892017364501953
56 1 16 7.5701823234558105 26.885737419128418 34.57598614692688 1.1920928955078125e-06 0.0002961158752441406
56 1 17 8.05306625366211 26.18040919303894 34.36191153526306 1.1920928955078125e-06 0.0002853870391845703
56 1 18 7.768469333648682 27.138497591018677 35.03048324584961 1.1920928955078125e-06 0.0002872943878173828
56 1 19 7.6675636768341064 27.27008032798767 35.069544553756714 1.430511474609375e-06 0.00028824806213378906
56 1 20 8.139551639556885 27.757458209991455 36.02711749076843 1.1920928955078125e-06 0.00027298927307128906
56 1 21 8.836328983306885 30.17144227027893 39.146068811416626 1.1920928955078125e-06 0.00023484230041503906
56 1 22 8.455092668533325 28.313281059265137 36.901487827301025 1.1920928955078125e-06 0.000301361083984375
56 1 23 8.502047300338745 27.57391595840454 36.21059274673462 1.1920928955078125e-06 0.0003020763397216797
56 1 24 8.298830270767212 28.864111185073853 37.30164098739624 1.430511474609375e-06 0.0002701282501220703
56 1 25 8.386847972869873 27.6078622341156 36.121068239212036 9.5367431640625e-07 0.00029087066650390625
56 1 26 8.551163911819458 28.82996654510498 37.51938009262085 9.5367431640625e-07 0.00029206275939941406
56 1 27 8.521111249923706 29.0114426612854 37.67247009277344 1.1920928955078125e-06 0.00030112266540527344
56 1 28 8.635130405426025 28.626747846603394 37.400073766708374 1.430511474609375e-06 0.0004413127899169922
56 1 29 9.908077239990234 31.8758544921875 41.94646906852722 1.430511474609375e-06 0.0002918243408203125
56 1 30 7.499617099761963 24.88168454170227 32.5001802444458 1.1920928955078125e-06 0.00031876564025878906
56 1 31 8.421402931213379 28.101715564727783 36.65347719192505 9.5367431640625e-07 0.0002930164337158203
56 1 32 7.600972652435303 25.248173236846924 32.974117040634155 9.5367431640625e-07 0.00030541419982910156
56 1 33 7.862101078033447 25.22249150276184 33.21274709701538 1.430511474609375e-06 0.0003101825714111328
56 1 34 7.59839940071106 25.313388347625732 33.03376507759094 1.1920928955078125e-06 0.00030040740966796875
56 1 35 8.921407699584961 30.353580236434937 39.41891431808472 1.1920928955078125e-06 0.0003306865692138672
56 1 36 8.395916938781738 29.042309761047363 37.56870794296265 9.5367431640625e-07 0.00031304359436035156
56 1 37 8.12649655342102 27.015567541122437 35.271132469177246 1.1920928955078125e-06 0.0002512931823730469
56 1 38 8.405835151672363 28.8295636177063 37.36847186088562 9.5367431640625e-07 0.0003190040588378906
56 1 39 8.004209518432617 28.424646377563477 36.5535831451416 9.5367431640625e-07 0.00030875205993652344
56 1 40 8.513521909713745 29.226202726364136 37.87028360366821 9.5367431640625e-07 0.0003173351287841797
56 1 41 8.191264629364014 29.41332244873047 37.729981660842896 1.1920928955078125e-06 0.0003218650817871094
56 1 42 9.50008773803711 29.605077981948853 39.247310400009155 9.5367431640625e-07 0.0025529861450195312
56 1 43 7.957513809204102 28.12537670135498 36.21063756942749 9.5367431640625e-07 0.00043582916259765625
56 1 44 9.99648904800415 31.144306898117065 41.30119824409485 1.430511474609375e-06 0.0003993511199951172
56 1 45 7.78349232673645 27.06315326690674 34.974804639816284 1.1920928955078125e-06 0.00042510032653808594
56 1 46 7.869316816329956 26.63104796409607 34.623016357421875 1.1920928955078125e-06 0.0003108978271484375
56 1 47 7.8948280811309814 26.977838277816772 35.005770683288574 9.5367431640625e-07 0.00045037269592285156
56 1 48 8.905860185623169 29.338778018951416 38.38099002838135 1.1920928955078125e-06 0.0004417896270751953
56 1 49 8.867998600006104 30.853366374969482 39.8575701713562 9.5367431640625e-07 0.0004391670227050781
56 1 50 8.395915746688843 28.501601696014404 37.02982044219971 9.5367431640625e-07 0.000396728515625
56 1 51 8.315352201461792 28.770711421966553 37.21627449989319 9.5367431640625e-07 0.0004596710205078125
56 1 52 8.135520935058594 29.15562605857849 37.41843628883362 9.5367431640625e-07 0.0004353523254394531
56 1 53 8.373252153396606 29.143946886062622 37.64781594276428 1.1920928955078125e-06 0.000270843505859375
56 1 54 8.290359020233154 29.051360368728638 37.468472719192505 9.5367431640625e-07 0.000278472900390625
56 1 55 8.66300106048584 30.21653437614441 39.00944900512695 9.5367431640625e-07 0.00028777122497558594
56 2 0 5.606678009033203 18.099404335021973 23.790807723999023 9.5367431640625e-07 0.00022864341735839844
56 2 1 12.814425945281982 34.411683797836304 47.44131803512573 2.1457672119140625e-06 0.0003333091735839844
56 2 2 9.537904500961304 26.089266538619995 35.783347845077515 1.9073486328125e-06 0.0003714561462402344
56 2 3 9.105666399002075 26.00083613395691 35.260111570358276 1.9073486328125e-06 0.0003459453582763672
56 2 4 4.418384075164795 15.663930654525757 20.154793977737427 1.1920928955078125e-06 0.00022745132446289062
56 2 5 5.070129156112671 17.254873275756836 22.40716576576233 7.152557373046875e-07 0.00041866302490234375
56 2 6 9.275634288787842 26.34590768814087 35.78217577934265 1.9073486328125e-06 0.0002319812774658203
56 2 7 4.583791017532349 16.520871877670288 21.180866956710815 9.5367431640625e-07 0.00020575523376464844
56 2 8 4.396892786026001 16.033753633499146 20.50216794013977 9.5367431640625e-07 0.00023365020751953125
56 2 9 4.483375072479248 16.11276340484619 20.66971230506897 7.152557373046875e-07 0.00023555755615234375
56 2 10 9.347570419311523 26.36647629737854 35.86915302276611 1.6689300537109375e-06 0.0003383159637451172
56 2 11 4.515720367431641 15.93494439125061 20.52449631690979 1.1920928955078125e-06 0.000240325927734375
56 2 12 9.433129072189331 26.616317987442017 36.21261548995972 1.9073486328125e-06 0.0008497238159179688
56 2 13 4.701878547668457 16.77150535583496 21.552282571792603 1.1920928955078125e-06 0.00024199485778808594
56 2 14 9.481515407562256 29.152161836624146 38.792500734329224 1.430511474609375e-06 0.00026416778564453125
56 2 15 10.06694769859314 30.79547429084778 41.02216672897339 9.5367431640625e-07 0.00023412704467773438
56 2 16 7.796906232833862 26.032310962677002 33.95198917388916 1.430511474609375e-06 0.00026488304138183594
56 2 17 7.997603416442871 25.546502828598022 33.67397332191467 1.1920928955078125e-06 0.00026154518127441406
56 2 18 7.902376413345337 25.46528434753418 33.4989447593689 9.5367431640625e-07 0.000244140625
56 2 19 7.725766181945801 25.56365156173706 33.41889572143555 9.5367431640625e-07 0.00026226043701171875
56 2 20 7.848165988922119 26.162955045700073 34.144691944122314 1.1920928955078125e-06 0.00032401084899902344
56 2 21 9.388843297958374 29.36550760269165 38.89059782028198 9.5367431640625e-07 0.0002837181091308594
56 2 22 8.380861043930054 26.960156202316284 35.4651095867157 9.5367431640625e-07 0.00031638145446777344
56 2 23 8.085278511047363 27.350849151611328 35.56608176231384 9.5367431640625e-07 0.0003116130828857422
56 2 24 8.077470541000366 27.157917022705078 35.36258578300476 1.1920928955078125e-06 0.0002949237823486328
56 2 25 8.077631950378418 27.139941215515137 35.349262952804565 1.1920928955078125e-06 0.0002980232238769531
56 2 26 8.277130126953125 27.287933588027954 35.69861078262329 9.5367431640625e-07 0.0003216266632080078
56 2 27 8.43492841720581 27.997577905654907 36.56817364692688 9.5367431640625e-07 0.00029587745666503906
56 2 28 9.024322986602783 27.009092569351196 36.17861008644104 1.430511474609375e-06 0.000278472900390625
56 2 29 10.672420501708984 29.897042274475098 40.73302888870239 1.430511474609375e-06 0.0004353523254394531
56 2 30 7.836383819580078 24.422690868377686 32.38274073600769 9.5367431640625e-07 0.00027441978454589844
56 2 31 8.823153734207153 26.7685649394989 35.722814321517944 1.430511474609375e-06 0.00028061866760253906
56 2 32 7.785955429077148 24.310863256454468 32.2216420173645 1.1920928955078125e-06 0.0002906322479248047
56 2 33 7.966813325881958 24.749420642852783 32.836467027664185 1.1920928955078125e-06 0.00028395652770996094
56 2 34 8.228962421417236 25.15910768508911 33.51231336593628 1.430511474609375e-06 0.0002460479736328125
56 2 35 8.714213848114014 27.625455617904663 36.48045873641968 1.1920928955078125e-06 0.0007798671722412109
56 2 36 8.489861488342285 27.169750928878784 35.7950656414032 1.430511474609375e-06 0.0005040168762207031
56 2 37 8.141073942184448 26.322875022888184 34.59505748748779 1.1920928955078125e-06 0.0005054473876953125
56 2 38 8.024407386779785 26.512127161026 34.66131258010864 9.5367431640625e-07 0.000499725341796875
56 2 39 8.055407762527466 26.45533585548401 34.63859438896179 1.1920928955078125e-06 0.0004947185516357422
56 2 40 8.394412517547607 27.054536819458008 35.579535722732544 1.1920928955078125e-06 0.0004942417144775391
56 2 41 8.555398941040039 27.272728204727173 35.95620679855347 1.1920928955078125e-06 0.0005068778991699219
56 2 42 9.29958176612854 28.256693601608276 37.6985878944397 9.5367431640625e-07 0.00028395652770996094
56 2 43 8.000431537628174 25.955852031707764 34.0861976146698 1.1920928955078125e-06 0.0002624988555908203
56 2 44 10.109248876571655 30.46792984008789 40.73115634918213 1.1920928955078125e-06 0.00026607513427734375
56 2 45 7.986953973770142 25.838111400604248 33.95654559135437 9.5367431640625e-07 0.0002753734588623047
56 2 46 8.017661333084106 25.539297580718994 33.68780303001404 1.430511474609375e-06 0.0002834796905517578
56 2 47 7.830859661102295 25.829379320144653 33.785255670547485 9.5367431640625e-07 0.00028228759765625
56 2 48 9.127368688583374 28.812832355499268 38.079094648361206 9.5367431640625e-07 0.00027489662170410156
56 2 49 8.63711428642273 28.31030821800232 37.08099937438965 1.430511474609375e-06 0.0003314018249511719
56 2 50 8.649986267089844 27.74866771697998 36.533459186553955 9.5367431640625e-07 0.0003414154052734375
56 2 51 8.274504661560059 27.301209211349487 35.706252336502075 9.5367431640625e-07 0.0003170967102050781
56 2 52 8.168590307235718 27.298585891723633 35.60135364532471 1.430511474609375e-06 0.00034117698669433594
56 2 53 8.442061424255371 27.44667959213257 36.01968812942505 9.5367431640625e-07 0.0003249645233154297
56 2 54 8.557166576385498 27.839743614196777 36.526670694351196 9.5367431640625e-07 0.000316619873046875
56 2 55 8.897974014282227 28.222782611846924 37.263227701187134 1.1920928955078125e-06 0.00032973289489746094
56 3 0 6.225173711776733 19.217722177505493 25.539747953414917 9.5367431640625e-07 0.0002315044403076172
56 3 1 12.845162153244019 33.76229166984558 46.82218289375305 1.9073486328125e-06 0.0002856254577636719
56 3 2 9.31906247138977 26.11747646331787 35.58992385864258 1.6689300537109375e-06 0.00035071372985839844
56 3 3 9.376761198043823 25.817662715911865 35.352893114089966 1.6689300537109375e-06 0.00023102760314941406
56 3 4 4.363425970077515 15.629787683486938 20.066633224487305 9.5367431640625e-07 0.0002288818359375
56 3 5 5.821396350860596 18.278231859207153 24.19026470184326 1.1920928955078125e-06 0.0010023117065429688
56 3 6 9.301934719085693 26.656479358673096 36.117613077163696 1.6689300537109375e-06 0.0009610652923583984
56 3 7 4.559579849243164 16.435680389404297 21.068105459213257 7.152557373046875e-07 0.00018215179443359375
56 3 8 9.399719953536987 26.57384943962097 36.12416172027588 1.6689300537109375e-06 0.0003402233123779297
56 3 9 4.449849367141724 15.945016384124756 20.467172384262085 1.1920928955078125e-06 0.00023102760314941406
56 3 10 9.260772943496704 26.38518524169922 35.81051826477051 1.6689300537109375e-06 0.00033593177795410156
56 3 11 4.6101768016815186 15.952731609344482 20.636570692062378 7.152557373046875e-07 0.00028705596923828125
56 3 12 9.704527378082275 26.631794691085815 36.491771936416626 1.9073486328125e-06 0.00034046173095703125
56 3 13 4.827984571456909 16.63649320602417 21.536860942840576 9.5367431640625e-07 0.00022411346435546875
56 3 14 9.735178709030151 28.72173237800598 38.60170388221741 1.1920928955078125e-06 0.0003180503845214844
56 3 15 10.612753629684448 30.44869637489319 41.23463296890259 9.5367431640625e-07 0.0002319812774658203
56 3 16 7.769325256347656 24.977357864379883 32.868974685668945 1.1920928955078125e-06 0.00027680397033691406
56 3 17 7.893389463424683 25.012488842010498 33.02880620956421 9.5367431640625e-07 0.00029349327087402344
56 3 18 7.801377296447754 25.33584475517273 33.26697564125061 9.5367431640625e-07 0.0002918243408203125
56 3 19 7.83252477645874 25.16262912750244 33.121784687042236 1.1920928955078125e-06 0.0002789497375488281
56 3 20 8.323149681091309 25.75924777984619 34.21020269393921 1.1920928955078125e-06 0.0002827644348144531
56 3 21 8.871750116348267 28.413609504699707 37.41905069351196 9.5367431640625e-07 0.00022172927856445312
56 3 22 8.363234519958496 27.839091777801514 36.33578419685364 1.1920928955078125e-06 0.00029659271240234375
56 3 23 8.449527025222778 27.331881761550903 35.910563945770264 9.5367431640625e-07 0.0003037452697753906
56 3 24 8.160292625427246 26.98114585876465 35.27193999290466 1.1920928955078125e-06 0.0003020763397216797
56 3 25 8.307624816894531 26.822481155395508 35.26258397102356 1.1920928955078125e-06 0.00027871131896972656
56 3 26 8.440686702728271 27.60604453086853 36.17901921272278 9.5367431640625e-07 0.00028443336486816406
56 3 27 8.285974502563477 28.013763904571533 36.44202136993408 1.6689300537109375e-06 0.00028133392333984375
56 3 28 8.897874593734741 26.50173783302307 35.53754758834839 9.5367431640625e-07 0.0003066062927246094
56 3 29 10.395864725112915 29.60501527786255 40.154340982437134 1.430511474609375e-06 0.0002951622009277344
56 3 30 7.570691347122192 23.832041025161743 31.524016618728638 9.5367431640625e-07 0.0002906322479248047
56 3 31 9.311079740524292 26.47658348083496 35.92928910255432 9.5367431640625e-07 0.0002925395965576172
56 3 32 7.375396013259888 23.463088274002075 30.960171699523926 9.5367431640625e-07 0.0002942085266113281
56 3 33 7.835583448410034 24.623063564300537 32.58538246154785 9.5367431640625e-07 0.0002968311309814453
56 3 34 7.841125965118408 24.45262861251831 32.4245080947876 1.1920928955078125e-06 0.0002989768981933594
56 3 35 9.135905027389526 28.859050273895264 38.13331937789917 1.1920928955078125e-06 0.0002598762512207031
56 3 36 8.403815031051636 26.74770188331604 35.283162117004395 9.5367431640625e-07 0.0003190040588378906
56 3 37 8.157389640808105 26.052976369857788 34.337769508361816 1.430511474609375e-06 0.0003192424774169922
56 3 38 7.97626805305481 26.146907806396484 34.25218057632446 1.1920928955078125e-06 0.0003116130828857422
56 3 39 8.268590211868286 26.500563621520996 34.897258281707764 1.1920928955078125e-06 0.0003044605255126953
56 3 40 8.386977672576904 27.316449880599976 35.840195178985596 1.1920928955078125e-06 0.0003139972686767578
56 3 41 8.29112434387207 27.069302082061768 35.48943591117859 9.5367431640625e-07 0.0003204345703125
56 3 42 9.254403352737427 28.28122854232788 37.67761039733887 1.1920928955078125e-06 0.00031828880310058594
56 3 43 8.076520681381226 26.353692770004272 34.56139636039734 1.430511474609375e-06 0.0003223419189453125
56 3 44 10.184676170349121 30.37375259399414 40.71307969093323 1.1920928955078125e-06 0.0003261566162109375
56 3 45 7.975659608840942 25.784507036209106 33.89007759094238 1.1920928955078125e-06 0.00022745132446289062
56 3 46 7.9367735385894775 25.794386863708496 33.859097480773926 1.1920928955078125e-06 0.0003223419189453125
56 3 47 7.84526801109314 25.63836359977722 33.61352300643921 9.5367431640625e-07 0.0003044605255126953
56 3 48 9.476807594299316 28.560105085372925 38.17681694030762 9.5367431640625e-07 0.0003147125244140625
56 3 49 9.017046213150024 29.32786202430725 38.4848313331604 1.1920928955078125e-06 0.0002827644348144531
56 3 50 8.33905291557312 27.577080011367798 36.04530072212219 1.1920928955078125e-06 0.00031065940856933594
56 3 51 8.486820459365845 27.459800004959106 36.07534742355347 9.5367431640625e-07 0.00031685829162597656
56 3 52 8.670291662216187 27.161126136779785 35.96484351158142 1.1920928955078125e-06 0.0003204345703125
56 3 53 8.183761596679688 27.392523288726807 35.70934724807739 9.5367431640625e-07 0.0003192424774169922
56 3 54 8.529881954193115 27.50270652770996 36.162262201309204 9.5367431640625e-07 0.0003185272216796875
56 3 55 8.899931192398071 28.423090934753418 37.461893796920776 1.430511474609375e-06 0.0003132820129394531
56 4 0 5.20159912109375 17.968570232391357 23.25018048286438 1.1920928955078125e-06 0.00023484230041503906
56 4 1 12.557223558425903 33.78473424911499 46.555261850357056 1.9073486328125e-06 0.0003268718719482422
56 4 2 8.956809520721436 26.222488403320312 35.326204776763916 2.1457672119140625e-06 0.0003383159637451172
56 4 3 9.549293279647827 25.930830717086792 35.639806270599365 9.5367431640625e-07 0.00024366378784179688
56 4 4 4.519285440444946 16.244502305984497 20.83861255645752 9.5367431640625e-07 0.0002415180206298828
56 4 5 5.576386213302612 18.891348361968994 24.558905839920044 1.9073486328125e-06 0.00023984909057617188
56 4 6 9.33022689819336 26.684390783309937 36.172345876693726 9.5367431640625e-07 0.0003361701965332031
56 4 7 4.580903768539429 16.704524755477905 21.363612174987793 9.5367431640625e-07 0.00024199485778808594
56 4 8 4.4568564891815186 16.32490348815918 20.853142738342285 1.1920928955078125e-06 0.00024199485778808594
56 4 9 4.700342655181885 16.700568914413452 21.477100372314453 7.152557373046875e-07 0.0006804466247558594
56 4 10 4.403504371643066 16.224629163742065 20.700160264968872 9.5367431640625e-07 0.00023865699768066406
56 4 11 4.554862976074219 16.362262964248657 20.990469694137573 1.1920928955078125e-06 0.00023698806762695312
56 4 12 4.542565107345581 16.91568636894226 21.534910440444946 1.1920928955078125e-06 0.0002472400665283203
56 4 13 4.656872749328613 16.783539056777954 21.517024517059326 9.5367431640625e-07 0.0005018711090087891
56 4 14 9.939953565597534 30.164719343185425 40.251795053482056 9.5367431640625e-07 0.00026679039001464844
56 4 15 10.398154258728027 31.587878227233887 42.148152351379395 1.1920928955078125e-06 0.00025200843811035156
56 4 16 7.8079211711883545 26.619079113006592 34.55120396614075 9.5367431640625e-07 0.0002415180206298828
56 4 17 8.072063684463501 26.157655239105225 34.354193925857544 9.5367431640625e-07 0.0002541542053222656
56 4 18 7.880839586257935 26.303748607635498 34.306156635284424 1.1920928955078125e-06 0.00024890899658203125
56 4 19 7.7358293533325195 26.21795344352722 34.08050298690796 1.430511474609375e-06 0.0002491474151611328
56 4 20 8.295566320419312 26.968464851379395 35.39827251434326 1.1920928955078125e-06 0.00030803680419921875
56 4 21 8.52468729019165 28.741795301437378 37.39454960823059 9.5367431640625e-07 0.0002682209014892578
56 4 22 8.57013463973999 28.591895818710327 37.29828214645386 1.1920928955078125e-06 0.00028228759765625
56 4 23 8.148725748062134 28.073973894119263 36.35030245780945 9.5367431640625e-07 0.0002315044403076172
56 4 24 8.167685985565186 28.07145619392395 36.37015438079834 1.430511474609375e-06 0.00019788742065429688
56 4 25 8.198272466659546 27.695571899414062 36.020485639572144 1.1920928955078125e-06 0.0002338886260986328
56 4 26 8.23430585861206 27.94881820678711 36.31080865859985 1.1920928955078125e-06 0.0002651214599609375
56 4 27 8.824933290481567 29.059019327163696 38.02758431434631 9.5367431640625e-07 0.00028228759765625
56 4 28 8.99435567855835 27.7578444480896 36.89662718772888 1.6689300537109375e-06 0.00024771690368652344
56 4 29 10.127707719802856 29.832990407943726 40.11508011817932 7.867813110351562e-06 0.00025963783264160156
56 4 30 7.499444484710693 24.68620014190674 32.30477213859558 9.5367431640625e-07 0.00029087066650390625
56 4 31 8.872947454452515 26.920053482055664 35.92766451835632 1.1920928955078125e-06 0.00022864341735839844
56 4 32 7.74387788772583 24.41286563873291 32.28663921356201 1.430511474609375e-06 0.00022029876708984375
56 4 33 7.716823101043701 25.20934510231018 33.046249866485596 1.1920928955078125e-06 0.00027751922607421875
56 4 34 7.913452625274658 25.09376049041748 33.14213705062866 1.1920928955078125e-06 0.0002925395965576172
56 4 35 8.738427877426147 28.587584972381592 37.463929653167725 1.1920928955078125e-06 0.0003361701965332031
56 4 36 8.523198127746582 26.99402356147766 35.645758628845215 1.1920928955078125e-06 0.00027632713317871094
56 4 37 8.204784154891968 26.293445587158203 34.62455868721008 1.430511474609375e-06 0.00020074844360351562
56 4 38 8.188097953796387 26.662010192871094 34.97723960876465 9.5367431640625e-07 0.0002887248992919922
56 4 39 8.144363403320312 26.549620628356934 34.82796263694763 1.430511474609375e-06 0.000270843505859375
56 4 40 8.504303455352783 27.514013051986694 36.14633631706238 9.5367431640625e-07 0.00028777122497558594
56 4 41 8.436699628829956 27.28564476966858 35.85268974304199 9.5367431640625e-07 0.0002620220184326172
56 4 42 9.3061044216156 28.700733184814453 38.1571478843689 1.1920928955078125e-06 0.0002040863037109375
56 4 43 8.206357717514038 26.978697299957275 35.319183588027954 1.1920928955078125e-06 0.0002295970916748047
56 4 44 10.132527112960815 30.709123134613037 40.99298429489136 1.1920928955078125e-06 0.00025582313537597656
56 4 45 7.874618768692017 26.171324491500854 34.17814493179321 1.1920928955078125e-06 0.00023174285888671875
56 4 46 7.803810358047485 26.11766004562378 34.03991770744324 1.430511474609375e-06 0.0002295970916748047
56 4 47 8.091587781906128 26.309107065200806 34.53050398826599 1.1920928955078125e-06 0.0003151893615722656
56 4 48 9.528276920318604 28.885352611541748 38.560790061950684 1.6689300537109375e-06 0.00024771690368652344
56 4 49 8.639515161514282 29.279358386993408 38.05999827384949 9.5367431640625e-07 0.000278472900390625
56 4 50 8.190549850463867 27.749000072479248 36.07840085029602 9.5367431640625e-07 0.00028705596923828125
56 4 51 8.343376159667969 27.52617335319519 35.99874305725098 1.6689300537109375e-06 0.0001938343048095703
56 4 52 8.385354995727539 27.6371169090271 36.14885354042053 9.5367431640625e-07 0.000270843505859375
56 4 53 8.236855268478394 27.7714741230011 36.142478942871094 9.5367431640625e-07 0.0002727508544921875
56 4 54 8.287713766098022 28.31404995918274 36.72927141189575 9.5367431640625e-07 0.0002875328063964844
56 4 55 8.562958717346191 28.343740463256836 37.03735327720642 9.5367431640625e-07 0.0002989768981933594
56 5 0 6.5193846225738525 20.330992460250854 26.95433211326599 1.1920928955078125e-06 0.0002307891845703125
56 5 1 13.246291875839233 35.44542455673218 48.909422397613525 2.1457672119140625e-06 0.00042510032653808594
56 5 2 9.505972385406494 27.05209970474243 36.715251445770264 1.6689300537109375e-06 0.00027060508728027344
56 5 3 9.323133707046509 26.69176959991455 36.16913080215454 1.9073486328125e-06 0.0003428459167480469
56 5 4 4.575883388519287 15.767987489700317 20.418015241622925 9.5367431640625e-07 0.0002315044403076172
56 5 5 5.84801721572876 18.63173007965088 24.5716769695282 9.5367431640625e-07 0.0002377033233642578
56 5 6 9.617001295089722 27.445284843444824 37.223549127578735 2.1457672119140625e-06 0.0003542900085449219
56 5 7 4.665531635284424 16.80508065223694 21.5475811958313 7.152557373046875e-07 0.0002849102020263672
56 5 8 9.760737419128418 27.224249362945557 37.156556844711304 1.9073486328125e-06 0.00035834312438964844
56 5 9 4.591524362564087 16.14588475227356 20.814841747283936 9.5367431640625e-07 0.00024271011352539062
56 5 10 9.263483047485352 27.20852780342102 36.630624771118164 1.6689300537109375e-06 0.00034880638122558594
56 5 11 9.416686058044434 26.651691913604736 36.226680517196655 2.1457672119140625e-06 0.00035262107849121094
56 5 12 9.347566366195679 27.24445128440857 36.74670672416687 1.6689300537109375e-06 0.0003268718719482422
56 5 13 9.373475551605225 27.213820457458496 36.74044942855835 1.430511474609375e-06 0.0003628730773925781
56 5 14 9.778583526611328 29.524261713027954 39.45706009864807 1.1920928955078125e-06 0.00031280517578125
56 5 15 10.317749977111816 31.40235185623169 41.8799946308136 9.5367431640625e-07 0.0002803802490234375
56 5 16 7.976058483123779 26.357633352279663 34.4580819606781 7.152557373046875e-07 0.00032973289489746094
56 5 17 7.7103798389434814 25.699797868728638 33.53199100494385 9.5367431640625e-07 0.0003139972686767578
56 5 18 7.487858057022095 25.710566759109497 33.31783437728882 9.5367431640625e-07 0.0003159046173095703
56 5 19 7.611008644104004 25.852717876434326 33.592901945114136 1.1920928955078125e-06 0.00030541419982910156
56 5 20 8.067230939865112 26.748955488204956 34.95218276977539 1.1920928955078125e-06 0.0003204345703125
56 5 21 8.262441158294678 28.60066294670105 36.99522519111633 9.5367431640625e-07 0.0003120899200439453
56 5 22 8.365544557571411 28.095893144607544 36.5898072719574 1.1920928955078125e-06 0.00031948089599609375
56 5 23 8.330811500549316 27.79983639717102 36.25835609436035 1.1920928955078125e-06 0.0003142356872558594
56 5 24 8.226548671722412 27.35302495956421 35.709999322891235 1.1920928955078125e-06 0.0003139972686767578
56 5 25 8.298203468322754 27.37234616279602 35.80023789405823 9.5367431640625e-07 0.00032067298889160156
56 5 26 8.568637609481812 28.700736045837402 37.41689658164978 9.5367431640625e-07 0.0003185272216796875
56 5 27 8.409824132919312 29.031343698501587 37.5669846534729 1.1920928955078125e-06 0.00025653839111328125
56 5 28 8.987489223480225 27.706677436828613 36.83955979347229 1.430511474609375e-06 0.00029015541076660156
56 5 29 10.036266803741455 30.300647497177124 40.497676849365234 1.1920928955078125e-06 0.00030231475830078125
56 5 30 7.5506370067596436 24.81447458267212 32.48709440231323 9.5367431640625e-07 0.00032830238342285156
56 5 31 8.663939237594604 26.87894368171692 35.673081398010254 9.5367431640625e-07 0.00032711029052734375
56 5 32 7.707643270492554 24.796477794647217 32.62636423110962 1.1920928955078125e-06 0.0003180503845214844
56 5 33 7.759819507598877 25.316080570220947 33.199461936950684 9.5367431640625e-07 0.00032329559326171875
56 5 34 7.739604711532593 25.41230344772339 33.276036500930786 9.5367431640625e-07 0.00031876564025878906
56 5 35 8.787344217300415 29.185487031936646 38.117201805114746 1.1920928955078125e-06 0.0003135204315185547
56 5 36 8.113037824630737 27.593337535858154 35.8374879360199 1.1920928955078125e-06 0.00030875205993652344
56 5 37 8.464379072189331 27.33219861984253 35.92672109603882 1.1920928955078125e-06 0.00032401084899902344
56 5 38 8.31922459602356 27.01160454750061 35.45402526855469 1.1920928955078125e-06 0.0002014636993408203
56 5 39 8.481878757476807 27.107088565826416 35.7171413898468 9.5367431640625e-07 0.00031304359436035156
56 5 40 8.38314938545227 27.685771942138672 36.21064376831055 9.5367431640625e-07 0.00031280517578125
56 5 41 8.541747093200684 27.98669958114624 36.66477108001709 9.5367431640625e-07 0.0003197193145751953
56 5 42 9.163180828094482 29.0023136138916 38.31559491157532 1.1920928955078125e-06 0.00026416778564453125
56 5 43 8.027917623519897 26.98839783668518 35.15558981895447 1.1920928955078125e-06 0.00028443336486816406
56 5 44 10.456059217453003 30.914135217666626 41.5296106338501 9.5367431640625e-07 0.000255584716796875
56 5 45 7.7641661167144775 25.987075090408325 33.87574338912964 1.430511474609375e-06 0.0002434253692626953
56 5 46 7.8868889808654785 26.328873872756958 34.33914375305176 1.430511474609375e-06 0.00032258033752441406
56 5 47 8.056659698486328 26.28520655632019 34.470269203186035 1.430511474609375e-06 0.0002574920654296875
56 5 48 9.41178584098816 29.413081884384155 38.97064185142517 9.5367431640625e-07 0.00027489662170410156
56 5 49 9.082586288452148 30.2854905128479 39.511680126190186 9.5367431640625e-07 0.00034356117248535156
56 5 50 8.63804030418396 28.29672336578369 37.076130867004395 1.1920928955078125e-06 0.00034165382385253906
56 5 51 8.37509274482727 28.173510789871216 36.68067264556885 1.430511474609375e-06 0.0003440380096435547
56 5 52 8.80085802078247 27.854116201400757 36.79206585884094 9.5367431640625e-07 0.00027060508728027344
56 5 53 8.071602821350098 27.999431371688843 36.195658683776855 9.5367431640625e-07 0.0003256797790527344
56 5 54 8.59734582901001 28.22113537788391 36.945592164993286 9.5367431640625e-07 0.00033783912658691406
56 5 55 8.58306074142456 28.86013674736023 37.574777603149414 9.5367431640625e-07 0.00032973289489746094
84 1 0 3.9980673789978027 13.256957292556763 17.316011905670166 1.430511474609375e-06 0.0001685619354248047
84 1 1 8.686909437179565 23.050522327423096 31.885244607925415 1.6689300537109375e-06 0.00036215782165527344
84 1 2 6.015569448471069 17.39642834663391 23.513036966323853 1.6689300537109375e-06 0.00016760826110839844
84 1 3 6.050448417663574 17.242909908294678 23.390731811523438 1.9073486328125e-06 0.00023436546325683594
84 1 4 2.9473705291748047 11.125694274902344 14.12204885482788 9.5367431640625e-07 0.0001742839813232422
84 1 5 3.79960298538208 13.030925512313843 16.894306182861328 9.5367431640625e-07 0.00035071372985839844
84 1 6 6.601932525634766 18.098989248275757 24.810553073883057 1.6689300537109375e-06 0.00025200843811035156
84 1 7 3.2263903617858887 11.743935108184814 15.021495580673218 7.152557373046875e-07 0.0001800060272216797
84 1 8 6.1315577030181885 18.16673731803894 24.402671098709106 1.6689300537109375e-06 0.0002193450927734375
84 1 9 3.012295722961426 11.485819101333618 14.549651622772217 9.5367431640625e-07 0.0002579689025878906
84 1 10 2.964959144592285 11.419511079788208 14.43474531173706 7.152557373046875e-07 0.0003554821014404297
84 1 11 2.9883153438568115 11.288829326629639 14.32801079750061 9.5367431640625e-07 0.00018143653869628906
84 1 12 3.138227701187134 11.765907526016235 14.955270290374756 9.5367431640625e-07 0.00018525123596191406
84 1 13 3.136279344558716 11.69652771949768 14.883944034576416 9.5367431640625e-07 0.00018644332885742188
84 1 14 6.611729383468628 20.636239051818848 27.349679231643677 1.1920928955078125e-06 0.00019788742065429688
84 1 15 6.83299994468689 20.98360848426819 27.916569232940674 1.1920928955078125e-06 0.0002143383026123047
84 1 16 5.397543430328369 18.070398092269897 23.55678367614746 1.1920928955078125e-06 0.000202178955078125
84 1 17 5.268421649932861 18.12912392616272 23.489548921585083 1.430511474609375e-06 0.0001976490020751953
84 1 18 5.170787572860718 17.99817442893982 23.252944469451904 9.5367431640625e-07 0.00019311904907226562
84 1 19 5.352675914764404 18.10335946083069 23.54760479927063 9.5367431640625e-07 0.00019788742065429688
84 1 20 5.369616746902466 18.550310850143433 24.006889820098877 1.1920928955078125e-06 0.00019979476928710938
84 1 21 5.863778829574585 20.03709626197815 25.98905634880066 1.1920928955078125e-06 0.0001933574676513672
84 1 22 5.568195819854736 19.114834785461426 24.766915559768677 9.5367431640625e-07 0.0001990795135498047
84 1 23 5.56091833114624 18.972148895263672 24.62322211265564 1.1920928955078125e-06 0.00020456314086914062
84 1 24 5.470469236373901 18.880104303359985 24.438232898712158 1.1920928955078125e-06 0.00019407272338867188
84 1 25 5.593926191329956 18.885058403015137 24.56648898124695 9.5367431640625e-07 0.00020766258239746094
84 1 26 5.515697002410889 19.1235454082489 24.731252670288086 7.152557373046875e-07 0.0001556873321533203
84 1 27 5.758144855499268 19.54134202003479 25.387171268463135 1.1920928955078125e-06 0.00019884109497070312
84 1 28 6.012653350830078 19.534313678741455 25.642370223999023 9.5367431640625e-07 0.00019240379333496094
84 1 29 7.176618337631226 21.37571358680725 28.65794086456299 1.1920928955078125e-06 0.0002105236053466797
84 1 30 5.518682241439819 18.2382709980011 23.847214698791504 1.1920928955078125e-06 0.00014925003051757812
84 1 31 5.869072914123535 19.367599725723267 25.33506178855896 1.1920928955078125e-06 0.00018334388732910156
84 1 32 5.36144232749939 18.035234451293945 23.478816986083984 7.152557373046875e-07 0.00019216537475585938
84 1 33 5.340679168701172 18.57668924331665 24.00649642944336 9.5367431640625e-07 0.0002105236053466797
84 1 34 5.616078853607178 18.638125896453857 24.34491491317749 1.1920928955078125e-06 0.00020170211791992188
84 1 35 5.843324899673462 19.98635220527649 25.922409534454346 1.430511474609375e-06 0.00016045570373535156
84 1 36 5.7047154903411865 19.512004375457764 25.3084237575531 1.1920928955078125e-06 0.00019359588623046875
84 1 37 5.724540948867798 19.343823432922363 25.155070304870605 9.5367431640625e-07 0.00019788742065429688
84 1 38 5.595004320144653 19.06779980659485 24.754736185073853 1.1920928955078125e-06 0.00020384788513183594
84 1 39 5.4384825229644775 19.296069860458374 24.81968927383423 1.1920928955078125e-06 0.00019431114196777344
84 1 40 5.8006980419158936 19.917797088623047 25.809779167175293 1.1920928955078125e-06 0.000202178955078125
84 1 41 5.8149919509887695 19.91463828086853 25.81766366958618 1.1920928955078125e-06 0.00020503997802734375
84 1 42 6.548436641693115 20.605011463165283 27.254185676574707 9.5367431640625e-07 0.00019979476928710938
84 1 43 5.579510450363159 19.30203676223755 24.971542358398438 1.1920928955078125e-06 0.000194549560546875
84 1 44 7.150561094284058 21.807312965393066 29.063241243362427 1.1920928955078125e-06 0.0001862049102783203
84 1 45 5.4209136962890625 18.731213331222534 24.238401412963867 9.5367431640625e-07 0.0001423358917236328
84 1 46 5.30339789390564 18.734918355941772 24.127015113830566 1.1920928955078125e-06 0.00018858909606933594
84 1 47 5.325834274291992 18.930458307266235 24.342552661895752 9.5367431640625e-07 0.00019431114196777344
84 1 48 6.415389060974121 20.781041622161865 27.29579186439514 1.1920928955078125e-06 0.00019407272338867188
84 1 49 5.982034683227539 21.065032720565796 27.14234733581543 1.1920928955078125e-06 0.00018596649169921875
84 1 50 5.649502515792847 19.902924299240112 25.642776489257812 9.5367431640625e-07 0.000209808349609375
84 1 51 5.816954851150513 19.964565753936768 25.873825788497925 9.5367431640625e-07 0.00021028518676757812
84 1 52 5.5944414138793945 19.727336406707764 25.412342071533203 1.1920928955078125e-06 0.00022077560424804688
84 1 53 5.491399049758911 19.664975881576538 25.248337745666504 1.1920928955078125e-06 0.0002071857452392578
84 1 54 5.733172416687012 20.169146299362183 25.995834589004517 1.1920928955078125e-06 0.0002186298370361328
84 1 55 5.9851906299591064 20.474530458450317 26.551331520080566 1.430511474609375e-06 0.00021791458129882812
84 1 56 3.778524398803711 12.706294775009155 16.544625282287598 7.152557373046875e-07 0.0001323223114013672
84 1 57 2.9929847717285156 11.113099813461304 14.157020330429077 1.1920928955078125e-06 0.00018835067749023438
84 1 58 4.209794998168945 13.638215780258179 17.911952018737793 1.1920928955078125e-06 0.0001838207244873047
84 1 59 2.9531478881835938 11.040712118148804 14.043450832366943 7.152557373046875e-07 0.0001742839813232422
84 1 60 3.29534649848938 11.912657737731934 15.261470556259155 7.152557373046875e-07 0.00018739700317382812
84 1 61 2.9363138675689697 10.908749103546143 13.895411729812622 7.152557373046875e-07 0.00018858909606933594
84 1 62 3.0938782691955566 11.428617000579834 14.574880599975586 1.1920928955078125e-06 0.00018787384033203125
84 1 63 2.9569180011749268 11.376459836959839 14.382468938827515 1.1920928955078125e-06 0.00023055076599121094
84 1 64 2.971372604370117 11.18064570426941 14.201218128204346 1.1920928955078125e-06 0.0002219676971435547
84 1 65 2.924367666244507 11.210150957107544 14.18437647819519 9.5367431640625e-07 0.0002205371856689453
84 1 66 2.849169969558716 11.044844150543213 13.941348552703857 9.5367431640625e-07 0.00022554397583007812
84 1 67 2.852463483810425 11.255430936813354 14.155459880828857 1.1920928955078125e-06 0.00020551681518554688
84 1 68 2.9257001876831055 11.232114553451538 14.206780910491943 7.152557373046875e-07 0.00023055076599121094
84 1 69 3.0025060176849365 11.503981590270996 14.557838201522827 9.5367431640625e-07 0.0001647472381591797
84 1 70 4.018435478210449 12.562840700149536 16.643190622329712 7.152557373046875e-07 0.0001735687255859375
84 1 71 3.205409049987793 11.078169345855713 14.333736419677734 9.5367431640625e-07 0.00017261505126953125
84 1 72 4.291633129119873 13.011118173599243 17.36629629135132 1.1920928955078125e-06 0.00017642974853515625
84 1 73 2.918123483657837 10.771275281906128 13.73884630203247 9.5367431640625e-07 0.00017380714416503906
84 1 74 2.882878303527832 10.737367868423462 13.667650938034058 9.5367431640625e-07 0.00017189979553222656
84 1 75 2.9355809688568115 10.60918402671814 13.590074062347412 7.152557373046875e-07 0.0001671314239501953
84 1 76 3.1163570880889893 11.094533920288086 14.259397029876709 9.5367431640625e-07 0.00018358230590820312
84 1 77 2.97389554977417 11.267529726028442 14.28944993019104 9.5367431640625e-07 0.00018405914306640625
84 1 78 3.004503011703491 11.20344877243042 14.258251905441284 1.430511474609375e-06 0.00017499923706054688
84 1 79 2.9085521697998047 11.103387594223022 14.060416460037231 9.5367431640625e-07 0.00017881393432617188
84 1 80 2.9053351879119873 11.010993242263794 13.963581323623657 9.5367431640625e-07 0.00016808509826660156
84 1 81 2.9472203254699707 10.950596809387207 13.948215961456299 1.1920928955078125e-06 0.00017547607421875
84 1 82 3.1007614135742188 11.327303647994995 14.481884002685547 1.430511474609375e-06 0.00018548965454101562
84 1 83 2.950071096420288 11.50132441520691 14.500800848007202 9.5367431640625e-07 0.0001709461212158203
84 2 0 3.637929916381836 12.474606990814209 16.166595220565796 7.152557373046875e-07 0.00023102760314941406
84 2 1 8.918166399002075 23.52565097808838 32.587759017944336 2.1457672119140625e-06 0.0003285408020019531
84 2 2 6.1814258098602295 18.00492763519287 24.292055368423462 1.6689300537109375e-06 0.0006844997406005859
84 2 3 6.088314771652222 17.05247402191162 23.237780570983887 1.9073486328125e-06 0.00019288063049316406
84 2 4 2.964989423751831 11.261839151382446 14.272468328475952 1.1920928955078125e-06 0.00036263465881347656
84 2 5 3.711832046508789 12.980904579162598 16.752203702926636 1.9073486328125e-06 0.0003814697265625
84 2 6 5.519193172454834 16.583613872528076 22.196547746658325 1.9073486328125e-06 0.0003790855407714844
84 2 7 3.0388681888580322 11.910476922988892 14.999031066894531 9.5367431640625e-07 0.00018715858459472656
84 2 8 3.0323665142059326 11.51551866531372 14.598337411880493 1.430511474609375e-06 0.00018715858459472656
84 2 9 3.021259069442749 11.60693073272705 14.676261186599731 7.152557373046875e-07 0.0003752708435058594
84 2 10 6.237390995025635 18.35038733482361 24.695502281188965 1.9073486328125e-06 0.00021576881408691406
84 2 11 6.097705364227295 18.16331672668457 24.371540069580078 1.9073486328125e-06 0.00025081634521484375
84 2 12 3.1861400604248047 11.991931676864624 15.230680704116821 7.152557373046875e-07 0.00019359588623046875
84 2 13 3.0320653915405273 11.828455686569214 14.909206628799438 9.5367431640625e-07 0.00019288063049316406
84 2 14 7.102817535400391 20.944746017456055 28.159032821655273 1.1920928955078125e-06 0.00014781951904296875
84 2 15 7.217651844024658 21.767329216003418 29.092769145965576 1.1920928955078125e-06 0.0001926422119140625
84 2 16 5.489667654037476 18.63241171836853 24.21106243133545 9.5367431640625e-07 0.00019025802612304688
84 2 17 5.362155437469482 18.28505849838257 23.733465671539307 1.1920928955078125e-06 0.0002048015594482422
84 2 18 5.278749465942383 18.69081139564514 24.05820059776306 9.5367431640625e-07 0.001016855239868164
84 2 19 5.354607820510864 18.3554265499115 23.79826331138611 9.5367431640625e-07 0.00019812583923339844
84 2 20 5.623799562454224 19.1210720539093 24.83619451522827 1.1920928955078125e-06 0.00019502639770507812
84 2 21 5.797370910644531 20.057897567749023 25.94620108604431 9.5367431640625e-07 0.00020599365234375
84 2 22 5.828144311904907 19.541372299194336 25.458048582077026 9.5367431640625e-07 0.00020313262939453125
84 2 23 5.809304237365723 19.511813402175903 25.40672731399536 9.5367431640625e-07 0.0002148151397705078
84 2 24 5.562493324279785 19.471846342086792 25.123188257217407 1.1920928955078125e-06 0.00021791458129882812
84 2 25 5.545940637588501 19.241827964782715 24.875890970230103 1.1920928955078125e-06 0.00022292137145996094
84 2 26 5.667343378067017 19.15679168701172 24.911664485931396 9.5367431640625e-07 0.00020575523376464844
84 2 27 5.7623536586761475 20.048267126083374 25.895180702209473 1.1920928955078125e-06 0.00016951560974121094
84 2 28 6.106637001037598 19.75461196899414 25.953161239624023 9.5367431640625e-07 0.00019121170043945312
84 2 29 7.021549940109253 21.157799005508423 28.290513277053833 1.1920928955078125e-06 0.00026297569274902344
84 2 30 5.298426628112793 17.966398000717163 23.350931882858276 1.1920928955078125e-06 0.00018930435180664062
84 2 31 6.322534799575806 19.744789123535156 26.167316675186157 1.1920928955078125e-06 0.00019407272338867188
84 2 32 5.3359153270721436 18.05460000038147 23.478511571884155 9.5367431640625e-07 0.0001957416534423828
84 2 33 5.488858461380005 18.474064111709595 24.05471634864807 1.430511474609375e-06 0.00019812583923339844
84 2 34 5.617332696914673 18.37541127204895 24.082326650619507 1.1920928955078125e-06 0.00019812583923339844
84 2 35 5.729006052017212 19.386682748794556 25.204318523406982 9.5367431640625e-07 0.0001857280731201172
84 2 36 5.6112611293792725 19.045027494430542 24.74731159210205 1.1920928955078125e-06 0.0001876354217529297
84 2 37 5.390374660491943 18.681004762649536 24.16158676147461 1.1920928955078125e-06 0.00019502639770507812
84 2 38 5.696011781692505 18.953912019729614 24.74022626876831 1.1920928955078125e-06 0.00019979476928710938
84 2 39 5.502610683441162 18.93524193763733 24.530277967453003 9.5367431640625e-07 0.00019788742065429688
84 2 40 5.524842739105225 19.33428406715393 24.950658321380615 1.1920928955078125e-06 0.0002009868621826172
84 2 41 5.536955833435059 19.460922956466675 25.086519718170166 1.1920928955078125e-06 0.00020003318786621094
84 2 42 6.834499835968018 20.978532791137695 27.915059566497803 9.5367431640625e-07 0.0001983642578125
84 2 43 5.545663118362427 19.363627195358276 24.99488091468811 9.5367431640625e-07 0.0005130767822265625
84 2 44 7.105411767959595 21.85852837562561 29.07118844985962 1.1920928955078125e-06 0.00018525123596191406
84 2 45 5.552999258041382 18.8909432888031 24.528204679489136 1.1920928955078125e-06 0.00015163421630859375
84 2 46 5.471511363983154 18.863872289657593 24.426291704177856 1.1920928955078125e-06 0.00018858909606933594
84 2 47 5.440338134765625 18.991011142730713 24.515888214111328 9.5367431640625e-07 0.0005083084106445312
84 2 48 6.487732410430908 21.04853343963623 27.640258312225342 1.430511474609375e-06 0.0008513927459716797
84 2 49 6.087634325027466 21.28353500366211 27.47032856941223 1.1920928955078125e-06 0.0008416175842285156
84 2 50 5.855857849121094 20.105290412902832 26.05533719062805 1.1920928955078125e-06 0.0005280971527099609
84 2 51 5.606035232543945 19.734843254089355 25.43606662750244 1.430511474609375e-06 0.00019359588623046875
84 2 52 5.441465616226196 19.54532265663147 25.076990604400635 1.430511474609375e-06 0.0001926422119140625
84 2 53 5.696112871170044 19.67389941215515 25.457202434539795 1.1920928955078125e-06 0.0005214214324951172
84 2 54 5.795752048492432 20.28560185432434 26.171102046966553 1.1920928955078125e-06 0.0002009868621826172
84 2 55 5.943041563034058 20.33001732826233 26.361251831054688 1.1920928955078125e-06 0.0008072853088378906
84 2 56 3.55708646774292 12.100218534469604 15.716071367263794 7.152557373046875e-07 0.00018167495727539062
84 2 57 3.0190203189849854 11.235820531845093 14.304343700408936 9.5367431640625e-07 0.0001747608184814453
84 2 58 4.174398422241211 13.667074918746948 17.90851378440857 7.152557373046875e-07 0.00017571449279785156
84 2 59 2.9305827617645264 10.973511219024658 13.951679944992065 7.152557373046875e-07 0.00013303756713867188
84 2 60 3.426804780960083 12.068201780319214 15.549761533737183 7.152557373046875e-07 0.0001773834228515625
84 2 61 2.9604222774505615 11.046227216720581 14.056017637252808 7.152557373046875e-07 0.0001819133758544922
84 2 62 3.0348613262176514 11.381203413009644 14.46731948852539 7.152557373046875e-07 0.00018167495727539062
84 2 63 3.310701847076416 12.349494218826294 15.71373176574707 1.1920928955078125e-06 0.00014400482177734375
84 2 64 3.080960750579834 11.53676438331604 14.667081832885742 9.5367431640625e-07 0.00020122528076171875
84 2 65 2.894240379333496 11.362189769744873 14.305325984954834 7.152557373046875e-07 0.00020074844360351562
84 2 66 3.004537343978882 11.147740364074707 14.201535701751709 9.5367431640625e-07 0.00019073486328125
84 2 67 2.969799757003784 11.148221969604492 14.165730714797974 7.152557373046875e-07 0.00017023086547851562
84 2 68 3.078299045562744 11.649299383163452 14.777849674224854 9.5367431640625e-07 0.00020503997802734375
84 2 69 3.058479070663452 11.583014965057373 14.691685438156128 9.5367431640625e-07 0.00020885467529296875
84 2 70 3.9719789028167725 12.699887752532959 16.73735809326172 9.5367431640625e-07 0.0001862049102783203
84 2 71 2.980947732925415 10.817976474761963 13.847367763519287 1.1920928955078125e-06 0.00014925003051757812
84 2 72 3.9998297691345215 12.950520277023315 17.011338233947754 1.1920928955078125e-06 0.0001823902130126953
84 2 73 2.886312246322632 10.942813873291016 13.876335859298706 1.1920928955078125e-06 0.0001723766326904297
84 2 74 2.857929229736328 10.769607067108154 13.675556182861328 1.1920928955078125e-06 0.00016617774963378906
84 2 75 3.0309197902679443 10.858928680419922 13.938964366912842 7.152557373046875e-07 0.00018477439880371094
84 2 76 3.004244565963745 11.212458610534668 14.265225172042847 1.1920928955078125e-06 0.00018405914306640625
84 2 77 3.2011923789978027 11.994572639465332 15.247223138809204 1.1920928955078125e-06 0.00019550323486328125
84 2 78 3.0369021892547607 11.271271705627441 14.358246564865112 7.152557373046875e-07 0.0001990795135498047
84 2 79 3.028761863708496 10.96721887588501 14.046329021453857 9.5367431640625e-07 0.00019621849060058594
84 2 80 2.940647602081299 11.113342523574829 14.101819515228271 7.152557373046875e-07 0.0002040863037109375
84 2 81 2.9129416942596436 10.949784278869629 13.910133600234985 9.5367431640625e-07 0.0001347064971923828
84 2 82 3.1311466693878174 11.451576471328735 14.63243317604065 9.5367431640625e-07 0.0002033710479736328
84 2 83 2.963426113128662 11.17366623878479 14.185823440551758 7.152557373046875e-07 0.00020122528076171875
84 3 0 3.9815566539764404 13.278114557266235 17.323755025863647 1.430511474609375e-06 0.00016927719116210938
84 3 1 8.380875825881958 22.52620768547058 31.049046754837036 1.9073486328125e-06 0.0003666877746582031
84 3 2 6.068559885025024 17.447203636169434 23.616949319839478 1.9073486328125e-06 0.0001671314239501953
84 3 3 5.286328077316284 16.094407320022583 21.472943544387817 1.9073486328125e-06 0.0001666545867919922
84 3 4 2.918497085571289 11.190025806427002 14.159376621246338 9.5367431640625e-07 0.00016617774963378906
84 3 5 4.9984307289123535 15.476541519165039 20.554856777191162 1.6689300537109375e-06 0.00032806396484375
84 3 6 6.2661402225494385 18.229713439941406 24.602575540542603 1.6689300537109375e-06 0.0002357959747314453
84 3 7 3.0342071056365967 11.836736917495728 14.921786785125732 1.1920928955078125e-06 0.00017762184143066406
84 3 8 3.031782865524292 11.454322099685669 14.536097049713135 7.152557373046875e-07 0.00036215782165527344
84 3 9 3.0170836448669434 11.473688840866089 14.541663646697998 9.5367431640625e-07 0.0001723766326904297
84 3 10 2.8806939125061035 11.420702934265137 14.34762978553772 1.1920928955078125e-06 0.0001697540283203125
84 3 11 2.9579949378967285 11.467827320098877 14.474956274032593 9.5367431640625e-07 0.0001747608184814453
84 3 12 3.1746654510498047 11.973793029785156 15.201648235321045 7.152557373046875e-07 0.00016808509826660156
84 3 13 3.055156707763672 11.838711977005005 14.94369649887085 9.5367431640625e-07 0.00017070770263671875
84 3 14 6.74785304069519 20.323618412017822 27.17421269416809 9.5367431640625e-07 0.00019979476928710938
84 3 15 7.3180460929870605 21.87398934364319 29.305546283721924 1.1920928955078125e-06 0.00020241737365722656
84 3 16 5.418971061706543 18.40387749671936 23.908924102783203 1.1920928955078125e-06 0.0001704692840576172
84 3 17 5.348711967468262 18.1424880027771 23.57748246192932 1.1920928955078125e-06 0.00019407272338867188
84 3 18 5.464778900146484 18.1617648601532 23.71149730682373 1.1920928955078125e-06 0.0001785755157470703
84 3 19 5.454257249832153 18.167757987976074 23.707704544067383 7.152557373046875e-07 0.00015211105346679688
84 3 20 5.591555595397949 18.953956127166748 24.63812518119812 1.1920928955078125e-06 0.00020241737365722656
84 3 21 6.001529216766357 20.54761290550232 26.637410879135132 1.1920928955078125e-06 0.0001952648162841797
84 3 22 5.719632863998413 19.18748641014099 24.995599031448364 1.1920928955078125e-06 0.0002052783966064453
84 3 23 5.431796073913574 19.424158811569214 24.941614866256714 1.430511474609375e-06 0.00019431114196777344
84 3 24 5.79292893409729 19.197389364242554 25.083755016326904 1.1920928955078125e-06 0.0001971721649169922
84 3 25 5.676805734634399 19.066640615463257 24.827641487121582 1.1920928955078125e-06 0.00019788742065429688
84 3 26 5.830197334289551 19.71638822555542 25.636497259140015 9.5367431640625e-07 0.0001926422119140625
84 3 27 5.81173300743103 19.80936884880066 25.715598583221436 1.1920928955078125e-06 0.00015687942504882812
84 3 28 5.999724864959717 18.881351947784424 24.97857689857483 1.430511474609375e-06 0.00022745132446289062
84 3 29 7.104602575302124 21.25682044029236 28.467088222503662 1.1920928955078125e-06 0.0010974407196044922
84 3 30 5.301290512084961 17.839452505111694 23.23108720779419 9.5367431640625e-07 0.0005350112915039062
84 3 31 6.075404644012451 18.997283220291138 25.167625427246094 1.430511474609375e-06 0.0001857280731201172
84 3 32 5.445310115814209 17.767932415008545 23.297702074050903 7.152557373046875e-07 0.00018930435180664062
84 3 33 5.3658952713012695 18.17639994621277 23.629510402679443 1.1920928955078125e-06 0.00018739700317382812
84 3 34 5.4869067668914795 18.353428840637207 23.927016019821167 9.5367431640625e-07 0.000640869140625
84 3 35 5.826178550720215 19.64668607711792 25.56664752960205 1.430511474609375e-06 0.0010666847229003906
84 3 36 5.888314247131348 19.21806526184082 25.201013565063477 9.5367431640625e-07 0.0010807514190673828
84 3 37 5.887625694274902 18.81564736366272 24.797789812088013 1.1920928955078125e-06 0.0010745525360107422
84 3 38 5.58142876625061 19.062206506729126 24.73301863670349 1.1920928955078125e-06 0.0010886192321777344
84 3 39 5.53545355796814 18.799378871917725 24.425134420394897 1.430511474609375e-06 0.0010886192321777344
84 3 40 5.732555866241455 19.454833984375 25.273360013961792 9.5367431640625e-07 0.0005037784576416016
84 3 41 5.791980504989624 19.247532844543457 25.12829852104187 1.1920928955078125e-06 0.0012345314025878906
84 3 42 6.564799070358276 20.275198221206665 26.940102577209473 1.1920928955078125e-06 0.00019431114196777344
84 3 43 5.646958112716675 19.037419319152832 24.77619433403015 1.1920928955078125e-06 0.00023984909057617188
84 3 44 7.2753212451934814 21.524099111557007 28.91156268119812 1.1920928955078125e-06 0.00019693374633789062
84 3 45 5.440410852432251 18.607733726501465 24.142370223999023 1.1920928955078125e-06 0.00019073486328125
84 3 46 5.406347751617432 18.491400957107544 23.986196994781494 1.1920928955078125e-06 0.00019359588623046875
84 3 47 5.567492485046387 18.494410753250122 24.148946285247803 9.5367431640625e-07 0.00032448768615722656
84 3 48 6.323851585388184 20.326278686523438 26.75252890586853 1.1920928955078125e-06 0.00018072128295898438
84 3 49 6.092485666275024 20.89211654663086 27.078315496444702 1.1920928955078125e-06 0.00017881393432617188
84 3 50 5.541513681411743 19.2199387550354 24.84898090362549 9.5367431640625e-07 0.00021338462829589844
84 3 51 5.772547721862793 19.470747232437134 25.33126449584961 9.5367431640625e-07 0.0002162456512451172
84 3 52 5.665349960327148 19.490188360214233 25.24678373336792 1.1920928955078125e-06 0.00021004676818847656
84 3 53 5.664989233016968 19.39923620223999 25.15497064590454 1.430511474609375e-06 0.0002110004425048828
84 3 54 5.997664213180542 19.97423815727234 26.061874628067017 1.1920928955078125e-06 0.0002238750457763672
84 3 55 5.957633972167969 20.061899185180664 26.108702421188354 9.5367431640625e-07 0.0002186298370361328
84 3 56 3.6839699745178223 12.341882944107056 16.085208415985107 9.5367431640625e-07 0.00018715858459472656
84 3 57 3.0856244564056396 11.095168828964233 14.231393575668335 9.5367431640625e-07 0.00018548965454101562
84 3 58 4.187854528427124 13.579376459121704 17.83420753479004 9.5367431640625e-07 0.00018405914306640625
84 3 59 3.0031518936157227 11.043719291687012 14.095616817474365 9.5367431640625e-07 0.00019168853759765625
84 3 60 3.3317573070526123 11.455826044082642 14.84058952331543 7.152557373046875e-07 0.00018453598022460938
84 3 61 3.046889066696167 10.850958347320557 13.94705581665039 1.1920928955078125e-06 0.00018930435180664062
84 3 62 3.040592670440674 11.422412872314453 14.513651132583618 7.152557373046875e-07 0.00014853477478027344
84 3 63 3.3694188594818115 12.393439531326294 15.814907312393188 7.152557373046875e-07 0.00019431114196777344
84 3 64 2.9820048809051514 11.12467885017395 14.156468868255615 1.1920928955078125e-06 0.00022840499877929688
84 3 65 2.9474174976348877 11.114601373672485 14.110016822814941 9.5367431640625e-07 0.00022029876708984375
84 3 66 2.9193806648254395 11.080993413925171 14.050156116485596 1.1920928955078125e-06 0.00022220611572265625
84 3 67 2.8105738162994385 10.962178707122803 13.819938898086548 9.5367431640625e-07 0.00022459030151367188
84 3 68 3.052375555038452 11.124222040176392 14.22895359992981 9.5367431640625e-07 0.00021338462829589844
84 3 69 3.092865467071533 11.498991250991821 14.64220118522644 7.152557373046875e-07 0.00021839141845703125
84 3 70 3.8044779300689697 12.335173845291138 16.198877573013306 1.1920928955078125e-06 0.00020837783813476562
84 3 71 3.002695083618164 10.86082935333252 13.913535594940186 9.5367431640625e-07 0.00022363662719726562
84 3 72 4.195474624633789 13.101691246032715 17.36322784423828 9.5367431640625e-07 0.00021076202392578125
84 3 73 2.862813711166382 10.503515481948853 13.413204431533813 9.5367431640625e-07 0.0002167224884033203
84 3 74 2.9080495834350586 10.628600835800171 13.586346864700317 7.152557373046875e-07 0.0002181529998779297
84 3 75 2.95729660987854 10.596223831176758 13.601363182067871 1.1920928955078125e-06 0.00019073486328125
84 3 76 3.0263936519622803 11.039836645126343 14.118635416030884 9.5367431640625e-07 0.000225067138671875
84 3 77 3.391991376876831 11.758008003234863 15.204166650772095 9.5367431640625e-07 0.0001723766326904297
84 3 78 2.9735989570617676 11.084687232971191 14.10802435874939 7.152557373046875e-07 0.00021076202392578125
84 3 79 3.0622470378875732 10.80996322631836 13.920594692230225 9.5367431640625e-07 0.0001766681671142578
84 3 80 2.9153025150299072 10.7573881149292 13.718629837036133 7.152557373046875e-07 0.00020122528076171875
84 3 81 2.974426746368408 10.80711030960083 13.830451488494873 9.5367431640625e-07 0.00020599365234375
84 3 82 3.066248655319214 11.15807819366455 14.272298336029053 9.5367431640625e-07 0.00020694732666015625
84 3 83 3.0564849376678467 11.1352379322052 14.24477505683899 9.5367431640625e-07 0.00019669532775878906
84 4 0 4.083367586135864 13.547204971313477 17.695913791656494 1.6689300537109375e-06 0.00016641616821289062
84 4 1 9.100568056106567 23.343607664108276 32.58975124359131 1.9073486328125e-06 0.0003216266632080078
84 4 2 6.117584943771362 17.230316400527954 23.450114488601685 1.9073486328125e-06 0.0001652240753173828
84 4 3 5.916196346282959 17.648733854293823 23.666141033172607 1.430511474609375e-06 0.00034356117248535156
84 4 4 2.940842390060425 11.178854703903198 14.165926933288574 7.152557373046875e-07 0.00016641616821289062
84 4 5 3.4166994094848633 12.423180103302002 15.898408651351929 9.5367431640625e-07 0.0003592967987060547
84 4 6 6.344926357269287 18.1991605758667 24.6544291973114 7.152557373046875e-07 0.00026154518127441406
84 4 7 3.139986991882324 11.797869443893433 14.991014957427979 9.5367431640625e-07 0.00017595291137695312
84 4 8 2.995379686355591 11.440962314605713 14.48620343208313 7.152557373046875e-07 0.00035309791564941406
84 4 9 4.204862356185913 14.04314374923706 18.317516565322876 1.1920928955078125e-06 0.0002009868621826172
84 4 10 3.106891632080078 11.551326274871826 14.707420349121094 7.152557373046875e-07 0.0001723766326904297
84 4 11 3.0705552101135254 11.40860891342163 14.527523040771484 7.152557373046875e-07 0.00022673606872558594
84 4 12 3.082288980484009 11.930273056030273 15.063506841659546 9.5367431640625e-07 0.00017380714416503906
84 4 13 3.175955295562744 11.90109133720398 15.127248287200928 9.5367431640625e-07 0.00017452239990234375
84 4 14 6.850561618804932 20.78820776939392 27.73688530921936 9.5367431640625e-07 0.00021004676818847656
84 4 15 7.163136005401611 21.77058243751526 29.043761491775513 1.1920928955078125e-06 0.00019311904907226562
84 4 16 5.511824369430542 18.367466688156128 23.964149713516235 9.5367431640625e-07 0.00023031234741210938
84 4 17 5.448391675949097 18.12353777885437 23.66169571876526 9.5367431640625e-07 0.0001995563507080078
84 4 18 5.364497184753418 18.178439378738403 23.63186025619507 9.5367431640625e-07 0.0001952648162841797
84 4 19 5.338243007659912 18.17151117324829 23.596468448638916 1.1920928955078125e-06 0.00016808509826660156
84 4 20 5.579336404800415 18.82869029045105 24.49634337425232 9.5367431640625e-07 0.00020551681518554688
84 4 21 5.704497575759888 19.79723811149597 25.594637870788574 9.5367431640625e-07 0.00018453598022460938
84 4 22 5.717697381973267 19.64604163169861 25.45443320274353 9.5367431640625e-07 0.00022411346435546875
84 4 23 5.691523551940918 19.247009754180908 25.025327682495117 9.5367431640625e-07 0.0002200603485107422
84 4 24 5.539352893829346 19.171318769454956 24.800217151641846 1.1920928955078125e-06 0.00021123886108398438
84 4 25 5.614432334899902 19.102556943893433 24.804425477981567 1.430511474609375e-06 0.00021147727966308594
84 4 26 5.765196323394775 19.758766174316406 25.618213653564453 9.5367431640625e-07 0.0002238750457763672
84 4 27 5.835979461669922 19.94220781326294 25.872302293777466 1.1920928955078125e-06 0.00022554397583007812
84 4 28 6.361917734146118 19.881351709365845 26.3440580368042 1.1920928955078125e-06 0.0002048015594482422
84 4 29 7.07001256942749 21.26777148246765 28.446866989135742 1.1920928955078125e-06 0.0002193450927734375
84 4 30 5.347954273223877 17.961183547973633 23.39746332168579 1.1920928955078125e-06 0.00022149085998535156
84 4 31 6.135460376739502 19.44896149635315 25.679211139678955 9.5367431640625e-07 0.00018978118896484375
84 4 32 5.588328838348389 17.82703447341919 23.5042827129364 1.1920928955078125e-06 0.00019240379333496094
84 4 33 5.571052551269531 18.53385591506958 24.190829277038574 1.1920928955078125e-06 0.000217437744140625
84 4 34 5.431576490402222 18.32162594795227 23.837812423706055 1.430511474609375e-06 0.00015616416931152344
84 4 35 5.88548731803894 19.353676795959473 25.328428745269775 1.430511474609375e-06 0.0002129077911376953
84 4 36 5.56433367729187 19.10916805267334 24.759429931640625 9.5367431640625e-07 0.00023055076599121094
84 4 37 5.526236534118652 19.152509212493896 24.764599323272705 9.5367431640625e-07 0.00014352798461914062
84 4 38 5.646116018295288 18.679996728897095 24.41464352607727 9.5367431640625e-07 0.00020885467529296875
84 4 39 5.496067762374878 19.025325298309326 24.607942581176758 9.5367431640625e-07 0.00021910667419433594
84 4 40 5.829275846481323 19.57934594154358 25.502885341644287 1.6689300537109375e-06 0.00021958351135253906
84 4 41 5.809192657470703 19.50918984413147 25.408831357955933 1.1920928955078125e-06 0.00023174285888671875
84 4 42 6.4061830043792725 20.430711030960083 26.927746295928955 1.1920928955078125e-06 0.0001583099365234375
84 4 43 5.548424482345581 18.995556831359863 24.634849786758423 1.1920928955078125e-06 0.00022125244140625
84 4 44 7.198712587356567 21.623285055160522 28.932109594345093 1.430511474609375e-06 0.00018596649169921875
84 4 45 5.386855840682983 18.573941469192505 24.049465894699097 1.1920928955078125e-06 0.0001862049102783203
84 4 46 5.482330560684204 18.620460271835327 24.18828511238098 9.5367431640625e-07 0.00018548965454101562
84 4 47 5.463031053543091 18.703274488449097 24.251698970794678 9.5367431640625e-07 0.0001914501190185547
84 4 48 6.433874845504761 20.28176212310791 26.80788493156433 1.1920928955078125e-06 0.00019168853759765625
84 4 49 6.089953184127808 20.989656686782837 27.17470407485962 9.5367431640625e-07 0.0001537799835205078
84 4 50 5.958572626113892 19.867767095565796 25.916513919830322 9.5367431640625e-07 0.00020742416381835938
84 4 51 5.565029621124268 19.61922597885132 25.271193981170654 1.430511474609375e-06 0.00021457672119140625
84 4 52 5.592375040054321 19.677504301071167 25.360429048538208 1.1920928955078125e-06 0.00021409988403320312
84 4 53 5.826167583465576 19.588804244995117 25.504840850830078 9.5367431640625e-07 0.00021386146545410156
84 4 54 5.689745664596558 19.66220235824585 25.439879894256592 1.1920928955078125e-06 0.00021791458129882812
84 4 55 6.114709854125977 20.135091304779053 26.33849000930786 1.430511474609375e-06 0.00019431114196777344
84 4 56 3.4281370639801025 12.004398584365845 15.490066766738892 9.5367431640625e-07 0.00020074844360351562
84 4 57 3.0417444705963135 11.152960538864136 14.245739936828613 1.1920928955078125e-06 0.00019288063049316406
84 4 58 4.250942707061768 13.639587879180908 17.95578360557556 9.5367431640625e-07 0.00022029876708984375
84 4 59 2.90556001663208 10.903314590454102 13.857634782791138 9.5367431640625e-07 0.00018477439880371094
84 4 60 3.3153207302093506 11.653986930847168 15.023610353469849 9.5367431640625e-07 0.000194549560546875
84 4 61 2.9917454719543457 10.948824167251587 13.990893363952637 9.5367431640625e-07 0.0001647472381591797
84 4 62 3.1536850929260254 11.339889764785767 14.546381950378418 9.5367431640625e-07 0.00015020370483398438
84 4 63 3.3433878421783447 12.166874408721924 15.562818765640259 7.152557373046875e-07 0.00017642974853515625
84 4 64 3.2302043437957764 11.56520390510559 14.845484972000122 1.1920928955078125e-06 0.000202178955078125
84 4 65 2.88275146484375 11.072608709335327 14.001812934875488 7.152557373046875e-07 0.00020241737365722656
84 4 66 3.011538505554199 11.19643235206604 14.255966424942017 1.1920928955078125e-06 0.00017714500427246094
84 4 67 2.8379132747650146 11.090425491333008 13.974440336227417 7.152557373046875e-07 0.00020360946655273438
84 4 68 3.1660614013671875 11.624100923538208 14.845436096191406 9.5367431640625e-07 0.00020837783813476562
84 4 69 2.999638795852661 11.460707187652588 14.50912070274353 9.5367431640625e-07 0.0002086162567138672
84 4 70 3.7792184352874756 12.256860256195068 16.096322059631348 9.5367431640625e-07 0.000186920166015625
84 4 71 3.072932004928589 10.961467266082764 14.086764335632324 9.5367431640625e-07 0.0001800060272216797
84 4 72 4.0722815990448 13.110125064849854 17.24825406074524 7.152557373046875e-07 0.00018835067749023438
84 4 73 2.97396183013916 10.614335536956787 13.636770248413086 9.5367431640625e-07 0.00018787384033203125
84 4 74 2.8612985610961914 10.684247732162476 13.593623876571655 1.1920928955078125e-06 0.0001964569091796875
84 4 75 2.8770735263824463 10.61913537979126 13.543773174285889 7.152557373046875e-07 0.00019025802612304688
84 4 76 3.1133785247802734 11.119684934616089 14.28307318687439 9.5367431640625e-07 0.0001442432403564453
84 4 77 3.047473907470703 11.163198947906494 14.262129306793213 1.1920928955078125e-06 0.0002071857452392578
84 4 78 3.037909984588623 11.177125215530396 14.265950679779053 9.5367431640625e-07 0.00020647048950195312
84 4 79 2.9488422870635986 10.99041199684143 13.988481283187866 1.1920928955078125e-06 0.00020623207092285156
84 4 80 3.0455777645111084 10.938855409622192 14.032757043838501 7.152557373046875e-07 0.00012993812561035156
84 4 81 2.9490554332733154 10.838568687438965 13.836089849472046 7.152557373046875e-07 0.00020003318786621094
84 4 82 3.0466299057006836 11.229711532592773 14.32587194442749 9.5367431640625e-07 0.0001800060272216797
84 4 83 2.9940929412841797 11.262383937835693 14.3052818775177 1.1920928955078125e-06 0.0002117156982421875
84 5 0 3.8805971145629883 13.2880380153656 17.231175899505615 7.152557373046875e-07 0.0001685619354248047
84 5 1 8.761091232299805 23.133110523223877 32.03802752494812 1.9073486328125e-06 0.0006196498870849609
84 5 2 6.16720175743103 17.571683168411255 23.842273473739624 1.9073486328125e-06 0.00017070770263671875
84 5 3 6.161040782928467 17.93767738342285 24.2031888961792 1.9073486328125e-06 0.00022983551025390625
84 5 4 2.961707353591919 11.270170211791992 14.280884265899658 9.5367431640625e-07 0.00016498565673828125
84 5 5 4.063186407089233 13.616069316864014 17.743854999542236 9.5367431640625e-07 0.00017118453979492188
84 5 6 6.292544841766357 18.418445587158203 24.823042631149292 1.9073486328125e-06 0.000774383544921875
84 5 7 3.0683844089508057 11.727008819580078 14.845173120498657 9.5367431640625e-07 0.00016927719116210938
84 5 8 2.9950873851776123 11.400960683822632 14.445412874221802 9.5367431640625e-07 0.00016546249389648438
84 5 9 4.32754111289978 14.255999326705933 18.656213998794556 1.430511474609375e-06 0.0002067089080810547
84 5 10 6.415103912353516 18.48553204536438 25.010488271713257 2.1457672119140625e-06 0.0002269744873046875
84 5 11 6.3014514446258545 18.23239231109619 24.63869619369507 1.6689300537109375e-06 0.0002617835998535156
84 5 12 3.1149590015411377 11.945712327957153 15.110523700714111 7.152557373046875e-07 0.00017333030700683594
84 5 13 3.105452299118042 11.832438468933105 14.98932433128357 7.152557373046875e-07 0.0001735687255859375
84 5 14 6.778084993362427 20.76124620437622 27.639867544174194 1.430511474609375e-06 0.00020503997802734375
84 5 15 6.951157093048096 21.825112104415894 28.878926277160645 9.5367431640625e-07 0.0002319812774658203
84 5 16 5.435990810394287 18.47788643836975 24.001859188079834 1.430511474609375e-06 0.0002155303955078125
84 5 17 5.236713647842407 18.235440731048584 23.552653551101685 1.1920928955078125e-06 0.000209808349609375
84 5 18 5.244122505187988 18.43395447731018 23.77337646484375 9.5367431640625e-07 0.0002117156982421875
84 5 19 5.367818355560303 18.311418533325195 23.760318756103516 9.5367431640625e-07 0.00022840499877929688
84 5 20 5.656567573547363 19.102294206619263 24.84920835494995 9.5367431640625e-07 0.0001850128173828125
84 5 21 6.005471229553223 20.70963740348816 26.80252242088318 9.5367431640625e-07 0.0001914501190185547
84 5 22 5.996833324432373 19.604424238204956 25.69740343093872 9.5367431640625e-07 0.00020694732666015625
84 5 23 5.530629873275757 19.343335390090942 24.962830781936646 1.430511474609375e-06 0.0002276897430419922
84 5 24 5.575835943222046 19.077166318893433 24.740696907043457 1.430511474609375e-06 0.00020432472229003906
84 5 25 5.601670503616333 19.3180091381073 25.003566026687622 9.5367431640625e-07 0.000213623046875
84 5 26 5.771738052368164 19.828449010849 25.69523572921753 1.1920928955078125e-06 0.00022339820861816406
84 5 27 5.839332342147827 19.95714521408081 25.887943744659424 9.5367431640625e-07 0.00022792816162109375
84 5 28 6.286763668060303 19.58230495452881 25.970019817352295 1.1920928955078125e-06 0.00021886825561523438
84 5 29 7.114358425140381 21.278040409088135 28.499540090560913 1.1920928955078125e-06 0.00019025802612304688
84 5 30 5.203291416168213 17.45298147201538 22.7386257648468 9.5367431640625e-07 0.00021004676818847656
84 5 31 6.02925443649292 19.166914463043213 25.293962478637695 9.5367431640625e-07 0.00021338462829589844
84 5 32 5.193814516067505 17.610183715820312 22.885306358337402 1.1920928955078125e-06 0.00018787384033203125
84 5 33 5.4996657371521 18.003125190734863 23.58880043029785 1.430511474609375e-06 0.0002067089080810547
84 5 34 5.486189842224121 18.410221338272095 23.98561668395996 1.1920928955078125e-06 0.0001964569091796875
84 5 35 5.813985347747803 19.548106908798218 25.453325510025024 1.430511474609375e-06 0.00020241737365722656
84 5 36 5.818502187728882 19.049906492233276 24.95764660835266 1.430511474609375e-06 0.00015425682067871094
84 5 37 5.551063776016235 18.39649248123169 24.03792142868042 9.5367431640625e-07 0.00020432472229003906
84 5 38 5.607563018798828 18.906034231185913 24.599512577056885 9.5367431640625e-07 0.0003895759582519531
84 5 39 5.580085039138794 18.679343461990356 24.346216201782227 1.430511474609375e-06 0.0003821849822998047
84 5 40 5.754788398742676 19.35409712791443 25.199357748031616 9.5367431640625e-07 0.0002181529998779297
84 5 41 5.679063558578491 19.19831681251526 24.966620683670044 1.1920928955078125e-06 0.00019550323486328125
84 5 42 6.445438385009766 20.026387929916382 26.570632457733154 1.430511474609375e-06 0.00019693374633789062
84 5 43 5.687289714813232 19.015891790390015 24.79367733001709 1.1920928955078125e-06 0.00020456314086914062
84 5 44 7.1272876262664795 21.472034454345703 28.710259675979614 9.5367431640625e-07 0.00018978118896484375
84 5 45 5.4983603954315186 18.540889024734497 24.1226863861084 9.5367431640625e-07 0.0001895427703857422
84 5 46 5.46345329284668 18.76731038093567 24.32005214691162 9.5367431640625e-07 0.0001957416534423828
84 5 47 5.476087331771851 18.61245560646057 24.179686307907104 1.1920928955078125e-06 0.00019693374633789062
84 5 48 6.647949695587158 20.918431043624878 27.6689395904541 9.5367431640625e-07 0.0001938343048095703
84 5 49 6.051414728164673 20.19248867034912 26.34066867828369 9.5367431640625e-07 0.00023317337036132812
84 5 50 5.9040727615356445 19.88066291809082 25.880688667297363 9.5367431640625e-07 0.00022292137145996094
84 5 51 5.87947416305542 19.94863796234131 25.92266297340393 1.1920928955078125e-06 0.00023317337036132812
84 5 52 5.5927324295043945 19.52571129798889 25.201566219329834 1.1920928955078125e-06 0.000213623046875
84 5 53 5.723332166671753 19.55675435066223 25.368623971939087 1.1920928955078125e-06 0.00023412704467773438
84 5 54 5.975442886352539 20.10859751701355 26.17839026451111 9.5367431640625e-07 0.000232696533203125
84 5 55 5.905535936355591 20.337361097335815 26.336466550827026 1.1920928955078125e-06 0.0001952648162841797
84 5 56 3.4402782917022705 12.111298084259033 15.608795166015625 7.152557373046875e-07 0.0002040863037109375
84 5 57 2.872840404510498 10.961332321166992 13.882318019866943 9.5367431640625e-07 0.00021123886108398438
84 5 58 4.2458930015563965 13.526671648025513 17.837538719177246 7.152557373046875e-07 0.00019216537475585938
84 5 59 2.9056310653686523 10.926663637161255 13.882104396820068 7.152557373046875e-07 0.00020194053649902344
84 5 60 3.4327585697174072 11.90693712234497 15.394634246826172 9.5367431640625e-07 0.00014662742614746094
84 5 61 2.9294450283050537 10.881969928741455 13.8603355884552 9.5367431640625e-07 0.0002048015594482422
84 5 62 3.0469412803649902 11.360650300979614 14.458001375198364 9.5367431640625e-07 0.0002048015594482422
84 5 63 3.278846025466919 12.331242322921753 15.661044359207153 7.152557373046875e-07 0.00015544891357421875
84 5 64 3.0267553329467773 11.283748865127563 14.357487678527832 7.152557373046875e-07 0.00020956993103027344
84 5 65 2.9276421070098877 11.133473634719849 14.110020637512207 9.5367431640625e-07 0.00019407272338867188
84 5 66 2.890202760696411 11.239959955215454 14.179735898971558 7.152557373046875e-07 0.0001983642578125
84 5 67 2.9212589263916016 11.109507083892822 14.080341100692749 9.5367431640625e-07 0.00021386146545410156
84 5 68 3.0185465812683105 11.135457992553711 14.203187227249146 1.1920928955078125e-06 0.00020694732666015625
84 5 69 2.9958066940307617 11.614452600479126 14.662060022354126 9.5367431640625e-07 0.0002117156982421875
84 5 70 3.9425113201141357 12.51070499420166 16.514840364456177 9.5367431640625e-07 0.0001804828643798828
84 5 71 3.207197427749634 11.141289949417114 14.40166187286377 1.1920928955078125e-06 0.00018215179443359375
84 5 72 4.322291851043701 13.274824142456055 17.66543936729431 9.5367431640625e-07 0.00018310546875
84 5 73 2.9454240798950195 10.629772186279297 13.62281346321106 9.5367431640625e-07 0.00014281272888183594
84 5 74 2.8563449382781982 10.539644956588745 13.44190788269043 7.152557373046875e-07 0.00018262863159179688
84 5 75 2.9704794883728027 10.7141695022583 13.733096599578857 9.5367431640625e-07 0.00018072128295898438
84 5 76 3.0160880088806152 11.07622218132019 14.141579151153564 9.5367431640625e-07 0.0001850128173828125
84 5 77 3.245199680328369 11.977884531021118 15.276750087738037 9.5367431640625e-07 0.0001480579376220703
84 5 78 2.9551920890808105 11.034737586975098 14.040703296661377 1.1920928955078125e-06 0.0001983642578125
84 5 79 2.9862735271453857 10.939970016479492 13.971646070480347 9.5367431640625e-07 0.0002143383026123047
84 5 80 2.9841208457946777 10.984281539916992 14.017495155334473 7.152557373046875e-07 0.00020003318786621094
84 5 81 2.870309591293335 10.896970272064209 13.814422369003296 7.152557373046875e-07 0.00020766258239746094
84 5 82 3.143105983734131 11.214885473251343 14.411206722259521 9.5367431640625e-07 0.00021147727966308594
84 5 83 2.9900267124176025 11.160834074020386 14.198723316192627 9.5367431640625e-07 0.00021529197692871094
1 1 0 381.9024200439453 1305.555315732956 1693.8091287612915 9.5367431640625e-07 0.0012011528015136719
1 2 0 385.01883459091187 1324.805507183075 1715.8276340961456 1.430511474609375e-06 0.001051187515258789
1 3 0 386.63935565948486 1328.7741150856018 1721.7812297344208 1.430511474609375e-06 0.0013134479522705078
1 4 0 396.54671812057495 1325.368139743805 1728.298832654953 1.1920928955078125e-06 0.0011055469512939453
1 5 0 388.85067772865295 1309.8389129638672 1704.8428983688354 1.9073486328125e-06 0.0011723041534423828
